0 0.5703125 0.9990234375 0.0078125 0.001953125
0 0.1220703125 0.994140625 0.005859375 0.01171875
0 0.3203125 0.9921875 0.06640625 0.015625
0 0.69921875 0.9892578125 0.06640625 0.021484375
0 0.2255859375 0.98046875 0.048828125 0.0390625
0 0.7744140625 0.978515625 0.052734375 0.04296875
0 0.775390625 0.9189453125 0.0078125 0.009765625
0 0.21875 0.916015625 0.0078125 0.01171875
0 0.796875 0.896484375 0.0078125 0.01171875
0 0.19140625 0.8984375 0.015625 0.015625
0 0.15625 0.8984375 0.01171875 0.015625
0 0.267578125 0.8828125 0.015625 0.0234375
0 0.1201171875 0.767578125 0.005859375 0.07421875
0 0.15625 0.7236328125 0.01171875 0.033203125
0 0.1123046875 0.5322265625 0.009765625 0.017578125
0 0.8828125 0.5234375 0.0078125 0.03515625
0 0.2001953125 0.5166015625 0.017578125 0.021484375
0 0.1171875 0.5029296875 0.00390625 0.005859375
0 0.1171875 0.4970703125 0.00390625 0.001953125
0 0.1162109375 0.48046875 0.005859375 0.015625
0 0.7099609375 0.4287109375 0.072265625 0.044921875
0 0.3193359375 0.421875 0.068359375 0.03515625
0 0.8857421875 0.3974609375 0.005859375 0.037109375
0 0.869140625 0.298828125 0.0078125 0.01171875
0 0.8876953125 0.3125 0.005859375 0.125
0 0.1083984375 0.2587890625 0.017578125 0.029296875
0 0.11328125 0.232421875 0.00390625 0.015625
0 0.7158203125 0.21875 0.072265625 0.04296875
0 0.318359375 0.208984375 0.07421875 0.04296875
0 0.1220703125 0.1767578125 0.025390625 0.083984375
0 0.12109375 0.12109375 0.0234375 0.0234375
0 0.8759765625 0.1689453125 0.025390625 0.134765625
0 0.1904296875 0.060546875 0.009765625 0.01171875
0 0.1357421875 0.060546875 0.013671875 0.01171875
0 0.794921875 0.0595703125 0.01953125 0.025390625
0 0.212890625 0.037109375 0.0078125 0.01171875
0 0.845703125 0.0576171875 0.07421875 0.099609375
0 0.8955078125 0.115234375 0.013671875 0.23046875
0 0.798828125 0.0078125 0.04296875 0.015625
