0 0.4296875 0.9833984375 0.00390625 0.009765625
0 0.68359375 0.9775390625 0.00390625 0.001953125
0 0.5625 0.9814453125 0.00390625 0.009765625
0 0.1318359375 0.984375 0.005859375 0.03125
0 0.322265625 0.9794921875 0.0625 0.033203125
0 0.69140625 0.9765625 0.0625 0.03515625
0 0.2314453125 0.9658203125 0.041015625 0.041015625
0 0.7626953125 0.9638671875 0.048828125 0.044921875
0 0.765625 0.8994140625 0.00390625 0.009765625
0 0.2255859375 0.89453125 0.001953125 0.00390625
0 0.783203125 0.8779296875 0.0078125 0.009765625
0 0.1650390625 0.876953125 0.005859375 0.0078125
0 0.197265625 0.8779296875 0.01171875 0.013671875
0 0.8330078125 0.875 0.013671875 0.015625
0 0.271484375 0.86328125 0.015625 0.01953125
0 0.1298828125 0.7529296875 0.005859375 0.076171875
0 0.205078125 0.5087890625 0.01953125 0.021484375
0 0.125 0.4951171875 0.0078125 0.068359375
0 0.701171875 0.423828125 0.06640625 0.04296875
0 0.3212890625 0.41796875 0.064453125 0.03125
0 0.1220703125 0.2451171875 0.005859375 0.056640625
0 0.705078125 0.2216796875 0.0703125 0.041015625
0 0.3212890625 0.212890625 0.072265625 0.0390625
0 0.8681640625 0.15625 0.001953125 0.00390625
0 0.12109375 0.1513671875 0.00390625 0.005859375
0 0.134765625 0.1787109375 0.015625 0.080078125
0 0.880859375 0.18359375 0.01171875 0.09765625
0 0.857421875 0.1865234375 0.015625 0.103515625
0 0.1416015625 0.130859375 0.001953125 0.00390625
0 0.130859375 0.119140625 0.0078125 0.0078125
0 0.1201171875 0.1171875 0.005859375 0.0078125
0 0.8466796875 0.0830078125 0.013671875 0.017578125
0 0.8076171875 0.0830078125 0.025390625 0.029296875
0 0.1982421875 0.0703125 0.009765625 0.01171875
0 0.146484375 0.0693359375 0.0078125 0.009765625
0 0.7822265625 0.0673828125 0.017578125 0.021484375
0 0.21875 0.0478515625 0.0078125 0.009765625
0 0.87890625 0.0400390625 0.00390625 0.013671875
0 0.7841796875 0.0107421875 0.041015625 0.021484375
0 0.2978515625 0.0009765625 0.005859375 0.001953125
0 0.1201171875 0.001953125 0.005859375 0.00390625
