0 0.744140625 0.9384765625 0.0078125 0.005859375
0 0.6845703125 0.9384765625 0.005859375 0.005859375
0 0.78515625 0.9365234375 0.00390625 0.005859375
0 0.767578125 0.9375 0.0234375 0.0078125
0 0.6640625 0.935546875 0.00390625 0.00390625
0 0.6201171875 0.9345703125 0.005859375 0.005859375
0 0.5908203125 0.9345703125 0.005859375 0.005859375
0 0.560546875 0.9345703125 0.02734375 0.005859375
0 0.5390625 0.9345703125 0.00390625 0.005859375
0 0.517578125 0.9345703125 0.01171875 0.005859375
0 0.4384765625 0.9345703125 0.005859375 0.005859375
0 0.4150390625 0.9345703125 0.005859375 0.005859375
0 0.40234375 0.9345703125 0.0078125 0.005859375
0 0.7138671875 0.9306640625 0.005859375 0.005859375
0 0.7060546875 0.9306640625 0.005859375 0.005859375
0 0.6953125 0.9306640625 0.00390625 0.005859375
0 0.3056640625 0.927734375 0.017578125 0.00390625
0 0.1064453125 0.9248046875 0.005859375 0.005859375
0 0.1162109375 0.9248046875 0.009765625 0.013671875
0 0.7373046875 0.9248046875 0.009765625 0.017578125
0 0.107421875 0.9150390625 0.00390625 0.005859375
0 0.7236328125 0.9091796875 0.029296875 0.009765625
0 0.677734375 0.9189453125 0.015625 0.029296875
0 0.8037109375 0.912109375 0.009765625 0.01953125
0 0.2705078125 0.904296875 0.005859375 0.00390625
0 0.173828125 0.908203125 0.04296875 0.02734375
0 0.7041015625 0.7607421875 0.068359375 0.044921875
0 0.306640625 0.7578125 0.0703125 0.046875
0 0.107421875 0.6689453125 0.02734375 0.041015625
0 0.1220703125 0.638671875 0.001953125 0.00390625
0 0.0986328125 0.630859375 0.009765625 0.01953125
0 0.1162109375 0.5830078125 0.009765625 0.009765625
0 0.099609375 0.595703125 0.015625 0.03515625
0 0.572265625 0.5537109375 0.0078125 0.009765625
0 0.423828125 0.5537109375 0.0078125 0.009765625
0 0.7099609375 0.5517578125 0.068359375 0.041015625
0 0.30859375 0.54296875 0.0703125 0.0390625
0 0.7880859375 0.5400390625 0.052734375 0.056640625
0 0.208984375 0.5263671875 0.05078125 0.056640625
0 0.7900390625 0.4697265625 0.009765625 0.017578125
0 0.201171875 0.447265625 0.0078125 0.01171875
0 0.859375 0.443359375 0.0078125 0.01171875
0 0.8095703125 0.4453125 0.013671875 0.015625
0 0.1357421875 0.427734375 0.013671875 0.015625
0 0.1728515625 0.4267578125 0.017578125 0.017578125
0 0.2548828125 0.4111328125 0.017578125 0.025390625
0 0.8720703125 0.34765625 0.009765625 0.01953125
0 0.8779296875 0.3076171875 0.001953125 0.001953125
0 0.876953125 0.298828125 0.00390625 0.0078125
0 0.9013671875 0.0888671875 0.005859375 0.064453125
