0 0.701171875 0.8681640625 0.0078125 0.005859375
0 0.8662109375 0.86328125 0.005859375 0.0078125
0 0.732421875 0.857421875 0.0234375 0.0078125
0 0.71484375 0.8544921875 0.00390625 0.001953125
0 0.1103515625 0.8564453125 0.013671875 0.005859375
0 0.8759765625 0.8544921875 0.001953125 0.005859375
0 0.677734375 0.8359375 0.00390625 0.00390625
0 0.822265625 0.8408203125 0.0390625 0.025390625
0 0.1728515625 0.833984375 0.041015625 0.02734375
0 0.7080078125 0.6865234375 0.068359375 0.041015625
0 0.306640625 0.681640625 0.06640625 0.03515625
0 0.0927734375 0.58984375 0.005859375 0.02734375
0 0.091796875 0.5556640625 0.0078125 0.009765625
0 0.873046875 0.5703125 0.0234375 0.1015625
0 0.890625 0.5693359375 0.015625 0.103515625
0 0.8798828125 0.5205078125 0.005859375 0.005859375
0 0.10546875 0.5537109375 0.03125 0.107421875
0 0.5732421875 0.4794921875 0.001953125 0.005859375
0 0.4248046875 0.4794921875 0.005859375 0.005859375
0 0.7119140625 0.4775390625 0.072265625 0.041015625
0 0.30859375 0.46875 0.06640625 0.0390625
0 0.7919921875 0.4677734375 0.052734375 0.052734375
0 0.2080078125 0.4501953125 0.052734375 0.052734375
0 0.79296875 0.3955078125 0.0078125 0.009765625
0 0.8154296875 0.3720703125 0.009765625 0.009765625
0 0.2021484375 0.3701171875 0.009765625 0.009765625
0 0.8681640625 0.3701171875 0.013671875 0.017578125
0 0.1337890625 0.3515625 0.009765625 0.01171875
0 0.1728515625 0.3515625 0.013671875 0.01953125
0 0.2548828125 0.3359375 0.017578125 0.0234375
0 0.896484375 0.3046875 0.0078125 0.078125
0 0.900390625 0.2265625 0.00390625 0.01171875
0 0.900390625 0.20703125 0.00390625 0.015625
