0 0.830078125 0.998046875 0.0078125 0.00390625
0 0.2783203125 0.9970703125 0.001953125 0.005859375
0 0.130859375 0.9970703125 0.00390625 0.005859375
0 0.2705078125 0.994140625 0.013671875 0.01171875
0 0.130859375 0.9677734375 0.00390625 0.009765625
0 0.8564453125 0.9130859375 0.005859375 0.013671875
0 0.1298828125 0.90234375 0.005859375 0.01171875
0 0.1298828125 0.873046875 0.005859375 0.01953125
0 0.2099609375 0.6513671875 0.025390625 0.021484375
0 0.126953125 0.6279296875 0.00390625 0.076171875
0 0.697265625 0.564453125 0.06640625 0.0390625
0 0.3203125 0.5615234375 0.06640625 0.033203125
0 0.123046875 0.38671875 0.0078125 0.0390625
0 0.130859375 0.3623046875 0.0234375 0.009765625
0 0.701171875 0.365234375 0.0703125 0.04296875
0 0.1416015625 0.3447265625 0.001953125 0.001953125
0 0.3212890625 0.3583984375 0.068359375 0.041015625
0 0.865234375 0.3369140625 0.00390625 0.001953125
0 0.865234375 0.3212890625 0.00390625 0.005859375
0 0.1416015625 0.328125 0.001953125 0.01953125
0 0.8662109375 0.2998046875 0.001953125 0.005859375
0 0.1416015625 0.3056640625 0.001953125 0.021484375
0 0.85546875 0.330078125 0.015625 0.1015625
0 0.138671875 0.2705078125 0.0078125 0.009765625
0 0.125 0.2734375 0.01171875 0.01953125
0 0.873046875 0.294921875 0.015625 0.1640625
0 0.8046875 0.2275390625 0.0234375 0.029296875
0 0.1474609375 0.2177734375 0.009765625 0.009765625
0 0.1982421875 0.216796875 0.009765625 0.015625
0 0.8466796875 0.22265625 0.025390625 0.0390625
0 0.7783203125 0.2109375 0.017578125 0.02734375
0 0.21875 0.1943359375 0.0078125 0.005859375
0 0.123046875 0.1611328125 0.00390625 0.001953125
0 0.875 0.1787109375 0.00390625 0.064453125
0 0.8759765625 0.1298828125 0.005859375 0.009765625
0 0.779296875 0.1396484375 0.05078125 0.056640625
0 0.63671875 0.1142578125 0.01171875 0.017578125
0 0.2978515625 0.1259765625 0.041015625 0.041015625
0 0.1494140625 0.1171875 0.017578125 0.03125
0 0.21484375 0.1162109375 0.015625 0.033203125
0 0.4296875 0.1044921875 0.0078125 0.017578125
0 0.12109375 0.1044921875 0.0078125 0.087890625
0 0.1484375 0.046875 0.01953125 0.04296875
0 0.8779296875 0.037109375 0.005859375 0.07421875
