0 0.78125 0.91796875 0.01953125 0.01171875
0 0.28515625 0.9208984375 0.01171875 0.033203125
0 0.3671875 0.9140625 0.0390625 0.04296875
0 0.443359375 0.8984375 0.05078125 0.0390625
0 0.8681640625 0.8759765625 0.005859375 0.005859375
0 0.8623046875 0.8701171875 0.001953125 0.001953125
0 0.5283203125 0.87109375 0.005859375 0.0078125
0 0.8603515625 0.8662109375 0.001953125 0.001953125
0 0.87109375 0.8642578125 0.00390625 0.005859375
0 0.2998046875 0.8662109375 0.005859375 0.009765625
0 0.3505859375 0.861328125 0.005859375 0.0078125
0 0.3271484375 0.85546875 0.013671875 0.01171875
0 0.634765625 0.828125 0.0078125 0.0078125
0 0.380859375 0.8203125 0.01171875 0.01953125
0 0.736328125 0.787109375 0.05078125 0.04296875
0 0.8759765625 0.8056640625 0.041015625 0.083984375
0 0.7939453125 0.751953125 0.041015625 0.04296875
0 0.8662109375 0.7255859375 0.001953125 0.001953125
0 0.865234375 0.7099609375 0.00390625 0.005859375
0 0.7841796875 0.703125 0.005859375 0.0078125
0 0.861328125 0.6962890625 0.00390625 0.005859375
0 0.7958984375 0.6767578125 0.005859375 0.009765625
0 0.857421875 0.669921875 0.0078125 0.0234375
0 0.8349609375 0.6611328125 0.013671875 0.013671875
0 0.8515625 0.6396484375 0.0078125 0.025390625
0 0.8466796875 0.6171875 0.005859375 0.01171875
0 0.84375 0.6064453125 0.00390625 0.001953125
0 0.2138671875 0.6142578125 0.013671875 0.056640625
0 0.2744140625 0.5556640625 0.001953125 0.001953125
0 0.26953125 0.55859375 0.01171875 0.01953125
0 0.828125 0.5146484375 0.00390625 0.005859375
0 0.345703125 0.4521484375 0.05078125 0.037109375
0 0.8076171875 0.408203125 0.005859375 0.0078125
0 0.1669921875 0.3466796875 0.005859375 0.005859375
0 0.1650390625 0.3349609375 0.001953125 0.005859375
0 0.6396484375 0.3271484375 0.001953125 0.001953125
0 0.791015625 0.3212890625 0.00390625 0.005859375
0 0.6494140625 0.33984375 0.056640625 0.046875
0 0.1611328125 0.314453125 0.001953125 0.00390625
0 0.1474609375 0.3115234375 0.001953125 0.001953125
0 0.7890625 0.310546875 0.00390625 0.01171875
0 0.15625 0.3017578125 0.0078125 0.013671875
0 0.1484375 0.2734375 0.0078125 0.0078125
0 0.310546875 0.2880859375 0.0546875 0.041015625
0 0.7841796875 0.2822265625 0.009765625 0.033203125
0 0.1357421875 0.27734375 0.009765625 0.0234375
0 0.779296875 0.2578125 0.00390625 0.0078125
0 0.1318359375 0.255859375 0.005859375 0.01171875
0 0.775390625 0.2431640625 0.00390625 0.005859375
0 0.1484375 0.2294921875 0.0078125 0.005859375
0 0.7724609375 0.2265625 0.005859375 0.01171875
0 0.1884765625 0.2138671875 0.005859375 0.009765625
0 0.7685546875 0.2041015625 0.009765625 0.029296875
0 0.201171875 0.1884765625 0.00390625 0.005859375
0 0.615234375 0.17578125 0.05859375 0.046875
0 0.759765625 0.1591796875 0.01171875 0.044921875
0 0.1318359375 0.1435546875 0.013671875 0.017578125
0 0.1826171875 0.1279296875 0.013671875 0.029296875
0 0.2509765625 0.1103515625 0.033203125 0.037109375
0 0.1201171875 0.0908203125 0.017578125 0.033203125
0 0.3515625 0.052734375 0.0078125 0.01171875
0 0.7392578125 0.0908203125 0.037109375 0.099609375
