0 0.4228515625 0.9736328125 0.013671875 0.017578125
0 0.8623046875 0.9453125 0.001953125 0.00390625
0 0.810546875 0.9345703125 0.05859375 0.048828125
0 0.8623046875 0.8994140625 0.029296875 0.056640625
0 0.86328125 0.84375 0.0078125 0.01171875
0 0.8740234375 0.8193359375 0.009765625 0.009765625
0 0.2412109375 0.7548828125 0.013671875 0.041015625
0 0.234375 0.72265625 0.00390625 0.0078125
0 0.3017578125 0.6923828125 0.013671875 0.021484375
0 0.90625 0.609375 0.00390625 0.0078125
0 0.904296875 0.5947265625 0.00390625 0.005859375
0 0.90234375 0.5859375 0.00390625 0.0078125
0 0.8994140625 0.5732421875 0.005859375 0.001953125
0 0.3837890625 0.5751953125 0.056640625 0.044921875
0 0.896484375 0.5517578125 0.00390625 0.009765625
0 0.892578125 0.5361328125 0.00390625 0.005859375
0 0.888671875 0.51953125 0.00390625 0.0078125
0 0.88671875 0.498046875 0.00390625 0.0078125
0 0.8828125 0.4814453125 0.00390625 0.005859375
0 0.1865234375 0.4423828125 0.001953125 0.001953125
0 0.7158203125 0.453125 0.064453125 0.05078125
0 0.1787109375 0.408203125 0.001953125 0.00390625
0 0.345703125 0.39453125 0.0625 0.046875
0 0.8671875 0.400390625 0.015625 0.06640625
0 0.859375 0.357421875 0.00390625 0.01171875
0 0.1689453125 0.41015625 0.044921875 0.1171875
0 0.1669921875 0.3330078125 0.009765625 0.009765625
0 0.2119140625 0.3154296875 0.009765625 0.013671875
0 0.587890625 0.3017578125 0.00390625 0.001953125
0 0.224609375 0.287109375 0.0078125 0.0078125
0 0.8310546875 0.283203125 0.001953125 0.00390625
0 0.681640625 0.2724609375 0.06640625 0.052734375
0 0.1513671875 0.2431640625 0.017578125 0.025390625
0 0.20703125 0.21875 0.015625 0.03125
0 0.2802734375 0.201171875 0.037109375 0.0390625
0 0.1376953125 0.1826171875 0.017578125 0.041015625
0 0.8154296875 0.16015625 0.001953125 0.00390625
0 0.3935546875 0.13671875 0.009765625 0.01171875
0 0.09375 0.11328125 0.00390625 0.00390625
0 0.748046875 0.115234375 0.0234375 0.03125
0 0.7216796875 0.1103515625 0.013671875 0.021484375
0 0.08984375 0.0966796875 0.00390625 0.001953125
0 0.78125 0.095703125 0.03125 0.04296875
0 0.0859375 0.076171875 0.00390625 0.00390625
0 0.5771484375 0.0732421875 0.013671875 0.013671875
0 0.70703125 0.044921875 0.046875 0.0546875
0 0.82421875 0.1748046875 0.0703125 0.345703125
0 0.0712890625 0.021484375 0.013671875 0.04296875
