0 0.693359375 0.9599609375 0.00390625 0.001953125
0 0.685546875 0.9599609375 0.00390625 0.005859375
0 0.7568359375 0.958984375 0.009765625 0.0078125
0 0.724609375 0.958984375 0.046875 0.0078125
0 0.4716796875 0.958984375 0.138671875 0.0078125
0 0.8046875 0.9580078125 0.03515625 0.009765625
0 0.56640625 0.9560546875 0.00390625 0.005859375
0 0.8466796875 0.9560546875 0.017578125 0.009765625
0 0.830078125 0.955078125 0.0078125 0.0078125
0 0.1015625 0.9560546875 0.015625 0.009765625
0 0.69921875 0.9482421875 0.0078125 0.001953125
0 0.7265625 0.94921875 0.015625 0.0078125
0 0.685546875 0.9482421875 0.01171875 0.009765625
0 0.103515625 0.9453125 0.00390625 0.00390625
0 0.0966796875 0.943359375 0.005859375 0.01171875
0 0.7470703125 0.9443359375 0.017578125 0.017578125
0 0.3095703125 0.9306640625 0.001953125 0.001953125
0 0.302734375 0.9306640625 0.00390625 0.001953125
0 0.7490234375 0.9287109375 0.001953125 0.001953125
0 0.6826171875 0.93359375 0.005859375 0.015625
0 0.29296875 0.9287109375 0.00390625 0.005859375
0 0.736328125 0.9287109375 0.01171875 0.009765625
0 0.71484375 0.92578125 0.00390625 0.00390625
0 0.1650390625 0.9345703125 0.044921875 0.029296875
0 0.8330078125 0.927734375 0.041015625 0.03125
0 0.091796875 0.900390625 0.00390625 0.00390625
0 0.3037109375 0.7783203125 0.072265625 0.048828125
0 0.71484375 0.775390625 0.0703125 0.05078125
0 0.859375 0.7451171875 0.0078125 0.005859375
0 0.8798828125 0.7451171875 0.013671875 0.017578125
0 0.85546875 0.732421875 0.0078125 0.01171875
0 0.0830078125 0.6953125 0.005859375 0.02734375
0 0.1103515625 0.6787109375 0.001953125 0.001953125
0 0.09765625 0.6806640625 0.0234375 0.041015625
0 0.1083984375 0.6533203125 0.005859375 0.009765625
0 0.0859375 0.650390625 0.01171875 0.015625
0 0.0810546875 0.619140625 0.005859375 0.03125
0 0.90234375 0.6552734375 0.015625 0.107421875
0 0.8798828125 0.6513671875 0.017578125 0.107421875
0 0.0947265625 0.599609375 0.021484375 0.046875
0 0.8828125 0.5693359375 0.00390625 0.005859375
0 0.4248046875 0.5654296875 0.009765625 0.013671875
0 0.576171875 0.5625 0.00390625 0.01171875
0 0.7177734375 0.55859375 0.072265625 0.04296875
0 0.3017578125 0.5556640625 0.072265625 0.037109375
0 0.798828125 0.5478515625 0.05859375 0.056640625
0 0.19921875 0.5400390625 0.0546875 0.056640625
0 0.8857421875 0.4951171875 0.009765625 0.060546875
0 0.8017578125 0.4736328125 0.009765625 0.017578125
0 0.1923828125 0.4580078125 0.009765625 0.009765625
0 0.8232421875 0.4482421875 0.013671875 0.013671875
0 0.1611328125 0.4365234375 0.017578125 0.017578125
0 0.1220703125 0.4365234375 0.013671875 0.017578125
0 0.8798828125 0.44140625 0.021484375 0.03515625
0 0.9072265625 0.4150390625 0.005859375 0.009765625
0 0.24609375 0.4189453125 0.01953125 0.025390625
0 0.90625 0.4013671875 0.00390625 0.005859375
0 0.9052734375 0.3759765625 0.005859375 0.041015625
0 0.08203125 0.3642578125 0.01171875 0.021484375
0 0.88671875 0.353515625 0.01171875 0.03125
0 0.88671875 0.3173828125 0.00390625 0.005859375
0 0.9091796875 0.310546875 0.005859375 0.015625
0 0.0859375 0.3056640625 0.00390625 0.005859375
0 0.8876953125 0.2939453125 0.001953125 0.005859375
0 0.91015625 0.28515625 0.00390625 0.0078125
0 0.9111328125 0.2509765625 0.001953125 0.005859375
0 0.912109375 0.1953125 0.0078125 0.1015625
0 0.9140625 0.09765625 0.0078125 0.0859375
0 0.9169921875 0.0283203125 0.005859375 0.009765625
0 0.0771484375 0.046875 0.013671875 0.078125
0 0.171875 0.013671875 0.01953125 0.01953125
