0 0.8076171875 0.9189453125 0.009765625 0.009765625
0 0.8212890625 0.8955078125 0.005859375 0.009765625
0 0.251953125 0.8818359375 0.00390625 0.005859375
0 0.8603515625 0.87890625 0.013671875 0.015625
0 0.873046875 0.8388671875 0.00390625 0.009765625
0 0.8701171875 0.8212890625 0.005859375 0.009765625
0 0.8671875 0.8095703125 0.00390625 0.005859375
0 0.23828125 0.822265625 0.015625 0.0546875
0 0.8642578125 0.787109375 0.001953125 0.00390625
0 0.2939453125 0.7890625 0.009765625 0.0078125
0 0.3017578125 0.783203125 0.001953125 0.00390625
0 0.296875 0.779296875 0.01171875 0.0078125
0 0.3720703125 0.67578125 0.048828125 0.0390625
0 0.1865234375 0.5791015625 0.001953125 0.005859375
0 0.67578125 0.5634765625 0.0546875 0.044921875
0 0.814453125 0.5283203125 0.00390625 0.005859375
0 0.1884765625 0.548828125 0.017578125 0.0546875
0 0.1728515625 0.5146484375 0.005859375 0.005859375
0 0.1826171875 0.513671875 0.001953125 0.0078125
0 0.1630859375 0.51171875 0.005859375 0.01171875
0 0.1796875 0.505859375 0.00390625 0.00390625
0 0.1728515625 0.5048828125 0.005859375 0.005859375
0 0.33984375 0.513671875 0.0546875 0.0390625
0 0.8046875 0.470703125 0.00390625 0.0078125
0 0.1611328125 0.484375 0.009765625 0.03515625
0 0.796875 0.4345703125 0.00390625 0.005859375
0 0.79296875 0.4140625 0.00390625 0.00390625
0 0.787109375 0.38671875 0.00390625 0.00390625
0 0.6435546875 0.4033203125 0.056640625 0.044921875
0 0.15625 0.376953125 0.0078125 0.015625
0 0.1640625 0.37109375 0.00390625 0.0078125
0 0.2119140625 0.3583984375 0.013671875 0.021484375
0 0.78125 0.3515625 0.00390625 0.01953125
0 0.7734375 0.3388671875 0.00390625 0.005859375
0 0.279296875 0.33984375 0.03125 0.03515625
0 0.1484375 0.3212890625 0.015625 0.025390625
0 0.7646484375 0.3212890625 0.033203125 0.087890625
0 0.3798828125 0.28125 0.005859375 0.0078125
0 0.701171875 0.259765625 0.01953125 0.02734375
0 0.6787109375 0.2548828125 0.013671875 0.017578125
0 0.7333984375 0.2490234375 0.013671875 0.013671875
0 0.7568359375 0.228515625 0.005859375 0.015625
0 0.5478515625 0.2216796875 0.005859375 0.009765625
0 0.751953125 0.20703125 0.00390625 0.01171875
0 0.7490234375 0.193359375 0.005859375 0.01171875
0 0.6669921875 0.1962890625 0.041015625 0.044921875
0 0.08984375 0.177734375 0.01171875 0.04296875
0 0.7451171875 0.1669921875 0.009765625 0.037109375
0 0.73828125 0.1376953125 0.00390625 0.005859375
0 0.736328125 0.12109375 0.00390625 0.0078125
0 0.1455078125 0.068359375 0.037109375 0.03515625
0 0.6142578125 0.0458984375 0.005859375 0.005859375
0 0.7275390625 0.078125 0.017578125 0.07421875
