0 0.1328125 0.974609375 0.0234375 0.04296875
0 0.125 0.921875 0.0078125 0.04296875
0 0.740234375 0.875 0.00390625 0.00390625
0 0.13671875 0.8818359375 0.0234375 0.017578125
0 0.7333984375 0.869140625 0.001953125 0.00390625
0 0.7373046875 0.8564453125 0.001953125 0.001953125
0 0.4267578125 0.8466796875 0.009765625 0.013671875
0 0.5615234375 0.845703125 0.013671875 0.015625
0 0.6884765625 0.841796875 0.068359375 0.04296875
0 0.31640625 0.8388671875 0.06640625 0.037109375
0 0.76171875 0.83203125 0.0546875 0.05859375
0 0.2275390625 0.8251953125 0.048828125 0.052734375
0 0.76171875 0.7666015625 0.01171875 0.013671875
0 0.2216796875 0.7529296875 0.009765625 0.013671875
0 0.7822265625 0.744140625 0.013671875 0.015625
0 0.1591796875 0.7353515625 0.009765625 0.009765625
0 0.1923828125 0.734375 0.017578125 0.01953125
0 0.2685546875 0.720703125 0.017578125 0.0234375
0 0.6396484375 0.53515625 0.001953125 0.00390625
0 0.2060546875 0.361328125 0.017578125 0.0234375
0 0.701171875 0.28515625 0.07421875 0.046875
0 0.322265625 0.271484375 0.0625 0.03515625
0 0.80859375 0.087890625 0.00390625 0.0078125
0 0.8291015625 0.076171875 0.021484375 0.0234375
0 0.70703125 0.08203125 0.07421875 0.046875
0 0.81640625 0.0537109375 0.01171875 0.017578125
0 0.32421875 0.064453125 0.07421875 0.04296875
0 0.841796875 0.0458984375 0.01171875 0.013671875
0 0.822265625 0.0380859375 0.00390625 0.005859375
0 0.140625 0.03515625 0.0078125 0.0234375
0 0.8369140625 0.00390625 0.005859375 0.00390625
0 0.8837890625 0.041015625 0.009765625 0.08203125
0 0.8779296875 0.0009765625 0.001953125 0.001953125
0 0.8544921875 0.130859375 0.033203125 0.26171875
0 0.1337890625 0.0341796875 0.025390625 0.068359375
