0 0.1884765625 0.900390625 0.005859375 0.0546875
0 0.37109375 0.8681640625 0.05859375 0.033203125
0 0.7216796875 0.8671875 0.060546875 0.03515625
0 0.1865234375 0.6904296875 0.005859375 0.001953125
0 0.1982421875 0.6845703125 0.001953125 0.001953125
0 0.2041015625 0.6708984375 0.001953125 0.005859375
0 0.7255859375 0.6826171875 0.064453125 0.033203125
0 0.37109375 0.6796875 0.0625 0.03515625
0 0.2041015625 0.6484375 0.001953125 0.00390625
0 0.8896484375 0.6533203125 0.009765625 0.087890625
0 0.2001953125 0.60546875 0.005859375 0.00390625
0 0.1865234375 0.6044921875 0.005859375 0.005859375
0 0.8720703125 0.646484375 0.021484375 0.09375
0 0.8583984375 0.5556640625 0.013671875 0.013671875
0 0.255859375 0.5517578125 0.00390625 0.009765625
0 0.82421875 0.5546875 0.01953125 0.02734375
0 0.80078125 0.5400390625 0.01171875 0.017578125
0 0.2783203125 0.533203125 0.001953125 0.00390625
0 0.078125 0.533203125 0.00390625 0.00390625
0 0.2158203125 0.4677734375 0.009765625 0.009765625
0 0.8017578125 0.474609375 0.041015625 0.046875
0 0.3486328125 0.46875 0.037109375 0.03515625
0 0.271484375 0.4609375 0.015625 0.0234375
0 0.2099609375 0.4580078125 0.009765625 0.017578125
0 0.6689453125 0.4521484375 0.005859375 0.009765625
0 0.4736328125 0.4462890625 0.005859375 0.009765625
0 0.27734375 0.443359375 0.00390625 0.00390625
0 0.18359375 0.4208984375 0.0078125 0.068359375
0 0.8935546875 0.38671875 0.001953125 0.00390625
0 0.2109375 0.3955078125 0.015625 0.037109375
0 0.87109375 0.2734375 0.015625 0.046875
0 0.7822265625 0.26953125 0.013671875 0.04296875
0 0.8984375 0.19140625 0.00390625 0.00390625
0 0.16796875 0.1806640625 0.01171875 0.013671875
0 0.8994140625 0.169921875 0.005859375 0.00390625
0 0.1806640625 0.1796875 0.009765625 0.04296875
0 0.900390625 0.1552734375 0.00390625 0.009765625
0 0.78515625 0.138671875 0.03515625 0.0234375
0 0.8525390625 0.126953125 0.048828125 0.05078125
0 0.888671875 0.0888671875 0.00390625 0.009765625
0 0.2705078125 0.1103515625 0.041015625 0.052734375
0 0.861328125 0.0732421875 0.0078125 0.005859375
0 0.8359375 0.072265625 0.03515625 0.0078125
0 0.18359375 0.0673828125 0.00390625 0.009765625
0 0.6572265625 0.0654296875 0.044921875 0.009765625
0 0.4892578125 0.0625 0.009765625 0.0078125
0 0.451171875 0.0615234375 0.00390625 0.005859375
0 0.4755859375 0.0615234375 0.009765625 0.009765625
0 0.2802734375 0.056640625 0.044921875 0.01171875
