0 0.3994140625 0.916015625 0.001953125 0.00390625
0 0.3935546875 0.9189453125 0.009765625 0.017578125
0 0.8701171875 0.912109375 0.001953125 0.0078125
0 0.8681640625 0.8994140625 0.001953125 0.001953125
0 0.7412109375 0.884765625 0.052734375 0.0390625
0 0.876953125 0.8974609375 0.0390625 0.068359375
0 0.7958984375 0.8515625 0.041015625 0.04296875
0 0.7880859375 0.8046875 0.005859375 0.0078125
0 0.86328125 0.7890625 0.00390625 0.00390625
0 0.7978515625 0.7802734375 0.009765625 0.009765625
0 0.8603515625 0.7744140625 0.001953125 0.005859375
0 0.857421875 0.7607421875 0.00390625 0.001953125
0 0.8369140625 0.763671875 0.013671875 0.015625
0 0.8544921875 0.7421875 0.005859375 0.0078125
0 0.8515625 0.7294921875 0.00390625 0.005859375
0 0.8486328125 0.712890625 0.005859375 0.01171875
0 0.23046875 0.7109375 0.015625 0.05859375
0 0.2890625 0.66796875 0.00390625 0.00390625
0 0.283203125 0.6650390625 0.01171875 0.017578125
0 0.3583984375 0.5625 0.048828125 0.03515625
0 0.171875 0.4619140625 0.00390625 0.005859375
0 0.166015625 0.4482421875 0.00390625 0.009765625
0 0.654296875 0.451171875 0.0546875 0.04296875
0 0.7919921875 0.4140625 0.001953125 0.00390625
0 0.1796875 0.439453125 0.01953125 0.0546875
0 0.1748046875 0.4072265625 0.001953125 0.005859375
0 0.7890625 0.400390625 0.00390625 0.00390625
0 0.1728515625 0.3974609375 0.001953125 0.001953125
0 0.1708984375 0.3935546875 0.001953125 0.001953125
0 0.326171875 0.4013671875 0.0546875 0.037109375
0 0.7861328125 0.3828125 0.005859375 0.01171875
0 0.15234375 0.376953125 0.01171875 0.02734375
0 0.208984375 0.330078125 0.00390625 0.00390625
0 0.7744140625 0.322265625 0.005859375 0.01171875
0 0.76953125 0.2998046875 0.00390625 0.005859375
0 0.6259765625 0.2939453125 0.052734375 0.044921875
0 0.1474609375 0.2705078125 0.005859375 0.005859375
0 0.763671875 0.2685546875 0.00390625 0.005859375
0 0.1533203125 0.259765625 0.005859375 0.0078125
0 0.201171875 0.248046875 0.015625 0.0234375
0 0.146484375 0.2236328125 0.00390625 0.005859375
0 0.267578125 0.2294921875 0.03125 0.033203125
0 0.138671875 0.2080078125 0.015625 0.021484375
0 0.7451171875 0.212890625 0.037109375 0.08984375
0 0.3681640625 0.1708984375 0.005859375 0.009765625
0 0.681640625 0.154296875 0.01953125 0.0234375
0 0.6591796875 0.1474609375 0.013671875 0.017578125
0 0.7138671875 0.142578125 0.013671875 0.015625
0 0.09765625 0.13671875 0.00390625 0.00390625
0 0.7392578125 0.1376953125 0.005859375 0.013671875
0 0.7353515625 0.125 0.001953125 0.00390625
0 0.0947265625 0.119140625 0.005859375 0.01171875
0 0.53125 0.115234375 0.0078125 0.01171875
0 0.7314453125 0.1064453125 0.005859375 0.013671875
0 0.6474609375 0.08984375 0.041015625 0.04296875
0 0.0849609375 0.080078125 0.013671875 0.03515625
0 0.7255859375 0.0771484375 0.009765625 0.041015625
