0 0.8349609375 0.9990234375 0.009765625 0.001953125
0 0.1435546875 0.9990234375 0.005859375 0.001953125
0 0.1357421875 0.9990234375 0.005859375 0.001953125
0 0.42578125 0.9716796875 0.00390625 0.009765625
0 0.560546875 0.96875 0.00390625 0.0078125
0 0.6875 0.966796875 0.0625 0.03125
0 0.3193359375 0.96484375 0.060546875 0.03515625
0 0.7607421875 0.9541015625 0.048828125 0.044921875
0 0.2275390625 0.94921875 0.041015625 0.04296875
0 0.7626953125 0.890625 0.005859375 0.00390625
0 0.220703125 0.8798828125 0.00390625 0.009765625
0 0.7822265625 0.8681640625 0.009765625 0.009765625
0 0.83203125 0.869140625 0.01171875 0.015625
0 0.16015625 0.8623046875 0.0078125 0.005859375
0 0.1953125 0.8623046875 0.01171875 0.013671875
0 0.267578125 0.8466796875 0.015625 0.021484375
0 0.859375 0.7587890625 0.00390625 0.005859375
0 0.8671875 0.5107421875 0.00390625 0.005859375
0 0.2109375 0.48828125 0.00390625 0.00390625
0 0.205078125 0.4931640625 0.015625 0.021484375
0 0.701171875 0.4140625 0.06640625 0.0390625
0 0.322265625 0.404296875 0.0625 0.03515625
0 0.875 0.26953125 0.00390625 0.05078125
0 0.875 0.2373046875 0.00390625 0.005859375
0 0.8779296875 0.2216796875 0.005859375 0.009765625
0 0.869140625 0.19921875 0.00390625 0.015625
0 0.70703125 0.2109375 0.06640625 0.0390625
0 0.1357421875 0.1943359375 0.013671875 0.017578125
0 0.8701171875 0.1845703125 0.001953125 0.005859375
0 0.32421875 0.19921875 0.0703125 0.0390625
0 0.1357421875 0.1572265625 0.017578125 0.048828125
0 0.8603515625 0.1767578125 0.017578125 0.099609375
0 0.8818359375 0.162109375 0.013671875 0.09765625
0 0.1435546875 0.1171875 0.001953125 0.01953125
0 0.1259765625 0.11328125 0.013671875 0.03125
0 0.849609375 0.0751953125 0.015625 0.017578125
0 0.810546875 0.0751953125 0.0234375 0.029296875
0 0.2001953125 0.0517578125 0.009765625 0.009765625
0 0.78515625 0.0556640625 0.015625 0.021484375
0 0.1494140625 0.0498046875 0.009765625 0.009765625
0 0.2216796875 0.03125 0.005859375 0.0078125
0 0.8828125 0.005859375 0.00390625 0.0078125
0 0.7890625 0.0048828125 0.03515625 0.009765625
