0 0.869140625 0.99609375 0.00390625 0.0078125
0 0.3046875 0.9638671875 0.0078125 0.021484375
0 0.3115234375 0.9296875 0.068359375 0.0390625
0 0.7001953125 0.9384765625 0.068359375 0.060546875
0 0.8544921875 0.904296875 0.001953125 0.00390625
0 0.837890625 0.90234375 0.00390625 0.0078125
0 0.8349609375 0.8896484375 0.001953125 0.005859375
0 0.8740234375 0.8828125 0.001953125 0.00390625
0 0.1083984375 0.8671875 0.005859375 0.0078125
0 0.125 0.8603515625 0.0078125 0.005859375
0 0.1015625 0.87109375 0.0078125 0.03515625
0 0.1298828125 0.806640625 0.001953125 0.00390625
0 0.1005859375 0.798828125 0.005859375 0.015625
0 0.8720703125 0.76953125 0.001953125 0.00390625
0 0.1123046875 0.8154296875 0.013671875 0.099609375
0 0.1259765625 0.767578125 0.013671875 0.0078125
0 0.8671875 0.8173828125 0.03515625 0.111328125
0 0.109375 0.7578125 0.00390625 0.015625
0 0.109375 0.734375 0.00390625 0.00390625
0 0.42578125 0.734375 0.0078125 0.01171875
0 0.5703125 0.7314453125 0.0078125 0.013671875
0 0.703125 0.728515625 0.0703125 0.0390625
0 0.3125 0.7275390625 0.06640625 0.037109375
0 0.78125 0.7138671875 0.05078125 0.052734375
0 0.2138671875 0.7119140625 0.048828125 0.052734375
0 0.86328125 0.6787109375 0.00390625 0.005859375
0 0.783203125 0.6484375 0.0078125 0.01171875
0 0.208984375 0.634765625 0.0078125 0.01171875
0 0.8037109375 0.623046875 0.009765625 0.015625
0 0.177734375 0.619140625 0.015625 0.015625
0 0.142578125 0.6171875 0.0078125 0.01171875
0 0.8564453125 0.62109375 0.013671875 0.0234375
0 0.2578125 0.6015625 0.01953125 0.0234375
0 0.10546875 0.5009765625 0.0078125 0.080078125
0 0.1025390625 0.2255859375 0.005859375 0.029296875
0 0.1884765625 0.21875 0.017578125 0.0234375
0 0.89453125 0.1630859375 0.00390625 0.009765625
0 0.89453125 0.1328125 0.00390625 0.00390625
0 0.71484375 0.1328125 0.07421875 0.046875
0 0.3115234375 0.123046875 0.068359375 0.0390625
0 0.8955078125 0.1083984375 0.005859375 0.037109375
0 0.896484375 0.048828125 0.00390625 0.00390625
0 0.8974609375 0.01953125 0.005859375 0.0234375
0 0.896484375 0.0009765625 0.00390625 0.001953125
0 0.876953125 0.0029296875 0.00390625 0.005859375
