0 0.119140625 0.9990234375 0.00390625 0.001953125
0 0.1181640625 0.96875 0.005859375 0.0078125
0 0.1337890625 0.9384765625 0.001953125 0.005859375
0 0.1181640625 0.939453125 0.005859375 0.0078125
0 0.1171875 0.9267578125 0.00390625 0.005859375
0 0.8359375 0.92578125 0.00390625 0.01171875
0 0.134765625 0.9130859375 0.00390625 0.005859375
0 0.1484375 0.9306640625 0.00390625 0.052734375
0 0.857421875 0.9443359375 0.015625 0.095703125
0 0.1455078125 0.8916015625 0.009765625 0.013671875
0 0.13671875 0.8876953125 0.00390625 0.005859375
0 0.8408203125 0.8994140625 0.013671875 0.033203125
0 0.1259765625 0.8837890625 0.001953125 0.001953125
0 0.12890625 0.8798828125 0.00390625 0.001953125
0 0.4287109375 0.8564453125 0.005859375 0.005859375
0 0.564453125 0.8515625 0.00390625 0.01171875
0 0.1279296875 0.8525390625 0.005859375 0.021484375
0 0.3203125 0.8486328125 0.0625 0.033203125
0 0.6923828125 0.84765625 0.060546875 0.03515625
0 0.228515625 0.833984375 0.04296875 0.0390625
0 0.7666015625 0.8359375 0.048828125 0.046875
0 0.767578125 0.7705078125 0.0078125 0.009765625
0 0.224609375 0.763671875 0.00390625 0.0078125
0 0.787109375 0.7490234375 0.0078125 0.009765625
0 0.16015625 0.744140625 0.00390625 0.0078125
0 0.8359375 0.74609375 0.015625 0.015625
0 0.1953125 0.74609375 0.01171875 0.015625
0 0.2685546875 0.7294921875 0.017578125 0.021484375
0 0.125 0.626953125 0.0078125 0.0703125
0 0.203125 0.3701171875 0.015625 0.021484375
0 0.1220703125 0.359375 0.005859375 0.05078125
0 0.7021484375 0.2841796875 0.068359375 0.041015625
0 0.3193359375 0.2783203125 0.064453125 0.033203125
0 0.87890625 0.1201171875 0.00390625 0.005859375
0 0.119140625 0.1064453125 0.0078125 0.064453125
0 0.1171875 0.0693359375 0.00390625 0.001953125
0 0.7080078125 0.080078125 0.068359375 0.04296875
0 0.3203125 0.0693359375 0.0703125 0.041015625
0 0.1318359375 0.041015625 0.017578125 0.06640625
0 0.8837890625 0.037109375 0.013671875 0.07421875
0 0.8623046875 0.0478515625 0.017578125 0.095703125
0 0.1376953125 0.0009765625 0.001953125 0.001953125
0 0.1201171875 0.0048828125 0.013671875 0.009765625
