0 0.751953125 0.873046875 0.00390625 0.00390625
0 0.7158203125 0.8740234375 0.064453125 0.005859375
0 0.8046875 0.8720703125 0.00390625 0.005859375
0 0.7978515625 0.8720703125 0.005859375 0.005859375
0 0.779296875 0.8720703125 0.00390625 0.005859375
0 0.43359375 0.8720703125 0.0234375 0.005859375
0 0.416015625 0.8720703125 0.0078125 0.005859375
0 0.404296875 0.8720703125 0.0078125 0.005859375
0 0.1689453125 0.8701171875 0.013671875 0.005859375
0 0.8681640625 0.8671875 0.009765625 0.0078125
0 0.7158203125 0.861328125 0.029296875 0.01171875
0 0.7421875 0.8583984375 0.01171875 0.013671875
0 0.2412109375 0.8505859375 0.005859375 0.009765625
0 0.724609375 0.845703125 0.00390625 0.00390625
0 0.267578125 0.8447265625 0.00390625 0.001953125
0 0.6845703125 0.8544921875 0.021484375 0.025390625
0 0.7392578125 0.84375 0.009765625 0.0078125
0 0.701171875 0.8447265625 0.03515625 0.009765625
0 0.1748046875 0.845703125 0.037109375 0.01953125
0 0.826171875 0.8447265625 0.0390625 0.025390625
0 0.115234375 0.8466796875 0.02734375 0.056640625
0 0.708984375 0.6923828125 0.0703125 0.037109375
0 0.30859375 0.6904296875 0.06640625 0.037109375
0 0.873046875 0.6201171875 0.01171875 0.005859375
0 0.109375 0.6142578125 0.0078125 0.009765625
0 0.0869140625 0.6103515625 0.005859375 0.013671875
0 0.0927734375 0.5869140625 0.005859375 0.005859375
0 0.107421875 0.5859375 0.01171875 0.01171875
0 0.12109375 0.5947265625 0.00390625 0.033203125
0 0.091796875 0.5791015625 0.00390625 0.005859375
0 0.8681640625 0.5771484375 0.001953125 0.013671875
0 0.892578125 0.58984375 0.015625 0.05859375
0 0.0966796875 0.5546875 0.009765625 0.01171875
0 0.109375 0.5458984375 0.0078125 0.005859375
0 0.884765625 0.5263671875 0.00390625 0.005859375
0 0.87109375 0.544921875 0.01171875 0.046875
0 0.8955078125 0.537109375 0.009765625 0.03515625
0 0.119140625 0.5458984375 0.00390625 0.052734375
0 0.1083984375 0.51953125 0.009765625 0.01171875
0 0.09765625 0.515625 0.0078125 0.015625
0 0.423828125 0.486328125 0.0078125 0.00390625
0 0.572265625 0.4833984375 0.00390625 0.009765625
0 0.7138671875 0.4814453125 0.068359375 0.041015625
0 0.3076171875 0.4765625 0.068359375 0.0390625
0 0.7919921875 0.4697265625 0.052734375 0.052734375
0 0.20703125 0.4609375 0.05078125 0.05078125
0 0.794921875 0.396484375 0.00390625 0.01171875
0 0.201171875 0.3818359375 0.00390625 0.009765625
0 0.814453125 0.373046875 0.0078125 0.01171875
0 0.869140625 0.3701171875 0.015625 0.017578125
0 0.1328125 0.36328125 0.01171875 0.01171875
0 0.169921875 0.3603515625 0.015625 0.017578125
0 0.251953125 0.34375 0.01953125 0.0234375
0 0.095703125 0.267578125 0.0078125 0.08984375
0 0.90234375 0.1181640625 0.00390625 0.013671875
