0 0.208984375 0.896484375 0.00390625 0.0078125
0 0.216796875 0.890625 0.0078125 0.0078125
0 0.2236328125 0.8857421875 0.001953125 0.001953125
0 0.2197265625 0.87109375 0.001953125 0.00390625
0 0.2158203125 0.8564453125 0.001953125 0.001953125
0 0.73828125 0.87109375 0.05859375 0.046875
0 0.2119140625 0.8388671875 0.001953125 0.009765625
0 0.19140625 0.8310546875 0.00390625 0.001953125
0 0.2080078125 0.8203125 0.001953125 0.0078125
0 0.1982421875 0.8154296875 0.017578125 0.013671875
0 0.8828125 0.8095703125 0.0078125 0.021484375
0 0.3759765625 0.822265625 0.060546875 0.046875
0 0.87890625 0.7900390625 0.00390625 0.009765625
0 0.2041015625 0.7626953125 0.001953125 0.001953125
0 0.876953125 0.771484375 0.0078125 0.0234375
0 0.181640625 0.7822265625 0.015625 0.056640625
0 0.2431640625 0.74609375 0.005859375 0.0078125
0 0.869140625 0.7353515625 0.00390625 0.005859375
0 0.8662109375 0.71875 0.005859375 0.015625
0 0.1865234375 0.6875 0.001953125 0.00390625
0 0.7041015625 0.7001953125 0.060546875 0.044921875
0 0.1826171875 0.6787109375 0.009765625 0.017578125
0 0.240234375 0.6591796875 0.015625 0.021484375
0 0.240234375 0.6435546875 0.00390625 0.001953125
0 0.3095703125 0.640625 0.037109375 0.03125
0 0.1708984375 0.62109375 0.017578125 0.03125
0 0.8369140625 0.603515625 0.001953125 0.00390625
0 0.8486328125 0.619140625 0.025390625 0.09765625
0 0.830078125 0.615234375 0.0234375 0.08984375
0 0.4208984375 0.57421875 0.009765625 0.0078125
0 0.76953125 0.5478515625 0.01953125 0.025390625
0 0.744140625 0.54296875 0.01171875 0.015625
0 0.8330078125 0.5390625 0.005859375 0.01171875
0 0.8037109375 0.53515625 0.009765625 0.01953125
0 0.6015625 0.5087890625 0.0078125 0.009765625
0 0.826171875 0.50390625 0.00390625 0.0078125
0 0.73046875 0.4794921875 0.04296875 0.048828125
0 0.8193359375 0.46875 0.013671875 0.05078125
0 0.8125 0.4345703125 0.00390625 0.009765625
0 0.1025390625 0.4423828125 0.009765625 0.029296875
0 0.8076171875 0.4150390625 0.005859375 0.009765625
0 0.8056640625 0.3974609375 0.005859375 0.005859375
0 0.09375 0.4052734375 0.01171875 0.041015625
0 0.8017578125 0.376953125 0.005859375 0.0078125
0 0.798828125 0.3603515625 0.00390625 0.005859375
0 0.79296875 0.333984375 0.0078125 0.02734375
0 0.0810546875 0.3212890625 0.009765625 0.009765625
0 0.1669921875 0.337890625 0.041015625 0.046875
0 0.166015625 0.2890625 0.0234375 0.01171875
0 0.669921875 0.3017578125 0.015625 0.041015625
0 0.783203125 0.28515625 0.00390625 0.01171875
0 0.185546875 0.28125 0.0078125 0.0078125
0 0.7568359375 0.271484375 0.021484375 0.04296875
0 0.7724609375 0.2197265625 0.005859375 0.005859375
0 0.4384765625 0.185546875 0.017578125 0.01171875
0 0.2509765625 0.19140625 0.009765625 0.02734375
0 0.763671875 0.17578125 0.00390625 0.0078125
0 0.458984375 0.17578125 0.01171875 0.01171875
0 0.650390625 0.1767578125 0.03125 0.025390625
0 0.759765625 0.1591796875 0.00390625 0.005859375
0 0.755859375 0.1337890625 0.0078125 0.021484375
0 0.7099609375 0.140625 0.044921875 0.046875
0 0.7529296875 0.1181640625 0.001953125 0.005859375
0 0.7373046875 0.0927734375 0.005859375 0.005859375
0 0.705078125 0.0869140625 0.01171875 0.005859375
0 0.732421875 0.087890625 0.0390625 0.03515625
