0 0.41015625 0.923828125 0.0546875 0.04296875
0 0.2158203125 0.8203125 0.009765625 0.0078125
0 0.2236328125 0.8154296875 0.001953125 0.001953125
0 0.2197265625 0.8017578125 0.001953125 0.005859375
0 0.2158203125 0.7880859375 0.001953125 0.005859375
0 0.728515625 0.8037109375 0.05859375 0.048828125
0 0.2119140625 0.771484375 0.001953125 0.00390625
0 0.1982421875 0.75 0.017578125 0.015625
0 0.373046875 0.75390625 0.05859375 0.04296875
0 0.87109375 0.74609375 0.0078125 0.03125
0 0.1875 0.732421875 0.0078125 0.01953125
0 0.8662109375 0.71875 0.005859375 0.015625
0 0.1826171875 0.7138671875 0.005859375 0.013671875
0 0.8642578125 0.705078125 0.005859375 0.0078125
0 0.1787109375 0.6962890625 0.005859375 0.017578125
0 0.861328125 0.6845703125 0.00390625 0.005859375
0 0.244140625 0.6787109375 0.00390625 0.009765625
0 0.259765625 0.6513671875 0.00390625 0.005859375
0 0.8525390625 0.6337890625 0.001953125 0.001953125
0 0.1865234375 0.62109375 0.001953125 0.00390625
0 0.84765625 0.6162109375 0.00390625 0.005859375
0 0.6943359375 0.634765625 0.060546875 0.04296875
0 0.18359375 0.6123046875 0.01171875 0.017578125
0 0.8330078125 0.5869140625 0.001953125 0.001953125
0 0.2392578125 0.5927734375 0.013671875 0.025390625
0 0.240234375 0.5771484375 0.00390625 0.001953125
0 0.3095703125 0.572265625 0.033203125 0.03515625
0 0.1728515625 0.5556640625 0.017578125 0.029296875
0 0.8251953125 0.5380859375 0.001953125 0.005859375
0 0.828125 0.5517578125 0.04296875 0.095703125
0 0.419921875 0.509765625 0.0078125 0.01171875
0 0.82421875 0.4931640625 0.00390625 0.005859375
0 0.759765625 0.484375 0.01953125 0.0234375
0 0.734375 0.48046875 0.01171875 0.015625
0 0.8212890625 0.4765625 0.005859375 0.01171875
0 0.7919921875 0.4736328125 0.013671875 0.017578125
0 0.8193359375 0.4619140625 0.005859375 0.013671875
0 0.595703125 0.4462890625 0.00390625 0.009765625
0 0.814453125 0.439453125 0.00390625 0.0078125
0 0.810546875 0.4228515625 0.00390625 0.009765625
0 0.720703125 0.4169921875 0.04296875 0.048828125
0 0.802734375 0.388671875 0.01171875 0.046875
0 0.1044921875 0.3818359375 0.009765625 0.033203125
0 0.0986328125 0.35546875 0.005859375 0.015625
0 0.7958984375 0.34765625 0.005859375 0.0234375
0 0.7958984375 0.3330078125 0.001953125 0.001953125
0 0.0947265625 0.3369140625 0.005859375 0.009765625
0 0.0927734375 0.3271484375 0.001953125 0.001953125
0 0.7900390625 0.3173828125 0.005859375 0.009765625
0 0.787109375 0.30078125 0.00390625 0.0078125
0 0.783203125 0.28125 0.00390625 0.015625
0 0.0859375 0.26171875 0.0078125 0.0078125
0 0.16796875 0.279296875 0.0390625 0.046875
0 0.779296875 0.2568359375 0.0078125 0.029296875
0 0.7744140625 0.23046875 0.005859375 0.015625
0 0.662109375 0.2431640625 0.015625 0.041015625
0 0.169921875 0.228515625 0.0234375 0.01171875
0 0.7451171875 0.2138671875 0.021484375 0.041015625
0 0.7685546875 0.2001953125 0.009765625 0.037109375
0 0.7626953125 0.171875 0.005859375 0.01171875
0 0.7587890625 0.15234375 0.005859375 0.01171875
0 0.25 0.1513671875 0.0078125 0.009765625
0 0.431640625 0.130859375 0.01171875 0.0078125
0 0.755859375 0.134765625 0.0078125 0.01953125
0 0.4453125 0.1259765625 0.0078125 0.005859375
0 0.2529296875 0.1259765625 0.005859375 0.009765625
0 0.458984375 0.1220703125 0.00390625 0.005859375
0 0.6416015625 0.119140625 0.033203125 0.0234375
0 0.7490234375 0.10546875 0.005859375 0.01171875
0 0.69921875 0.083984375 0.046875 0.046875
0 0.71875 0.0537109375 0.05859375 0.072265625
