0 0.7470703125 0.9375 0.005859375 0.00390625
0 0.8369140625 0.9365234375 0.013671875 0.005859375
0 0.6826171875 0.9365234375 0.017578125 0.005859375
0 0.6708984375 0.935546875 0.001953125 0.00390625
0 0.6005859375 0.935546875 0.005859375 0.00390625
0 0.8125 0.9345703125 0.0234375 0.005859375
0 0.5830078125 0.9345703125 0.025390625 0.005859375
0 0.4765625 0.9345703125 0.0390625 0.005859375
0 0.44140625 0.9345703125 0.015625 0.005859375
0 0.41796875 0.93359375 0.0234375 0.0078125
0 0.861328125 0.9326171875 0.02734375 0.009765625
0 0.2265625 0.9306640625 0.00390625 0.005859375
0 0.16796875 0.9306640625 0.00390625 0.005859375
0 0.7060546875 0.9267578125 0.072265625 0.013671875
0 0.109375 0.923828125 0.015625 0.01171875
0 0.1044921875 0.9140625 0.005859375 0.0078125
0 0.875 0.91015625 0.00390625 0.0078125
0 0.72265625 0.9091796875 0.03515625 0.009765625
0 0.7001953125 0.90625 0.005859375 0.00390625
0 0.6806640625 0.908203125 0.021484375 0.0078125
0 0.8193359375 0.91015625 0.041015625 0.03125
0 0.171875 0.90625 0.04296875 0.02734375
0 0.876953125 0.859375 0.00390625 0.0078125
0 0.705078125 0.7607421875 0.0703125 0.044921875
0 0.3056640625 0.7578125 0.068359375 0.04296875
0 0.8642578125 0.734375 0.001953125 0.00390625
0 0.091796875 0.6748046875 0.00390625 0.021484375
0 0.0908203125 0.6533203125 0.005859375 0.013671875
0 0.8857421875 0.642578125 0.017578125 0.10546875
0 0.8681640625 0.6416015625 0.017578125 0.103515625
0 0.0908203125 0.5927734375 0.005859375 0.017578125
0 0.1064453125 0.6279296875 0.021484375 0.103515625
0 0.4228515625 0.552734375 0.009765625 0.0078125
0 0.572265625 0.5498046875 0.0078125 0.009765625
0 0.7255859375 0.5498046875 0.037109375 0.037109375
0 0.69140625 0.5498046875 0.03125 0.037109375
0 0.30859375 0.5419921875 0.0703125 0.041015625
0 0.7890625 0.5380859375 0.0546875 0.056640625
0 0.8740234375 0.505859375 0.001953125 0.00390625
0 0.2080078125 0.5244140625 0.048828125 0.052734375
0 0.7900390625 0.46875 0.009765625 0.01171875
0 0.8115234375 0.4453125 0.009765625 0.01171875
0 0.2001953125 0.443359375 0.009765625 0.01171875
0 0.8662109375 0.4423828125 0.017578125 0.017578125
0 0.1337890625 0.42578125 0.013671875 0.01171875
0 0.1708984375 0.423828125 0.013671875 0.01953125
0 0.892578125 0.4150390625 0.00390625 0.009765625
0 0.2529296875 0.4091796875 0.017578125 0.025390625
0 0.892578125 0.392578125 0.00390625 0.0234375
0 0.89453125 0.3515625 0.0078125 0.01171875
0 0.8955078125 0.3330078125 0.005859375 0.005859375
0 0.8994140625 0.2568359375 0.005859375 0.025390625
0 0.8994140625 0.2060546875 0.005859375 0.029296875
0 0.9013671875 0.1630859375 0.005859375 0.048828125
0 0.90234375 0.0888671875 0.0078125 0.083984375
