0 0.873046875 0.919921875 0.0078125 0.03515625
0 0.34765625 0.8779296875 0.0625 0.033203125
0 0.712890625 0.8779296875 0.06640625 0.041015625
0 0.880859375 0.7197265625 0.00390625 0.013671875
0 0.166015625 0.6806640625 0.015625 0.017578125
0 0.71875 0.6884765625 0.06640625 0.037109375
0 0.3486328125 0.681640625 0.068359375 0.0390625
0 0.1591796875 0.625 0.009765625 0.03125
0 0.8759765625 0.658203125 0.033203125 0.10546875
0 0.1640625 0.5986328125 0.01953125 0.009765625
0 0.85546875 0.55859375 0.015625 0.015625
0 0.8203125 0.55859375 0.01953125 0.02734375
0 0.1796875 0.546875 0.0078125 0.0078125
0 0.2294921875 0.5458984375 0.005859375 0.009765625
0 0.7939453125 0.5400390625 0.013671875 0.021484375
0 0.2509765625 0.5244140625 0.005859375 0.009765625
0 0.8896484375 0.46875 0.005859375 0.0234375
0 0.1875 0.4580078125 0.0078125 0.009765625
0 0.7978515625 0.47265625 0.044921875 0.05078125
0 0.6591796875 0.44921875 0.005859375 0.01171875
0 0.890625 0.4482421875 0.00390625 0.013671875
0 0.326171875 0.4609375 0.0390625 0.0390625
0 0.181640625 0.44921875 0.01171875 0.01953125
0 0.45703125 0.4375 0.0078125 0.01171875
0 0.24609375 0.4482421875 0.015625 0.033203125
0 0.890625 0.4267578125 0.00390625 0.013671875
0 0.1826171875 0.3837890625 0.013671875 0.037109375
0 0.896484375 0.333984375 0.00390625 0.0078125
0 0.896484375 0.294921875 0.00390625 0.0234375
0 0.896484375 0.2763671875 0.00390625 0.001953125
0 0.8720703125 0.2666015625 0.017578125 0.048828125
0 0.7783203125 0.2607421875 0.017578125 0.048828125
0 0.0849609375 0.177734375 0.009765625 0.015625
0 0.8994140625 0.189453125 0.005859375 0.07421875
0 0.90234375 0.1259765625 0.00390625 0.005859375
0 0.7822265625 0.123046875 0.037109375 0.0234375
0 0.853515625 0.111328125 0.046875 0.05078125
0 0.890625 0.0712890625 0.0078125 0.009765625
0 0.248046875 0.087890625 0.046875 0.0546875
0 0.8916015625 0.060546875 0.001953125 0.00390625
0 0.7998046875 0.052734375 0.037109375 0.01171875
0 0.6015625 0.0419921875 0.05078125 0.013671875
0 0.1572265625 0.0380859375 0.005859375 0.017578125
0 0.3994140625 0.033203125 0.048828125 0.01171875
0 0.203125 0.029296875 0.046875 0.01171875
