0 0.4736328125 0.9384765625 0.005859375 0.005859375
0 0.4599609375 0.9345703125 0.005859375 0.005859375
0 0.44921875 0.9306640625 0.0078125 0.005859375
0 0.4287109375 0.9228515625 0.021484375 0.009765625
0 0.412109375 0.9169921875 0.0078125 0.005859375
0 0.3984375 0.9130859375 0.0078125 0.005859375
0 0.373046875 0.904296875 0.03125 0.015625
0 0.3173828125 0.884765625 0.072265625 0.02734375
0 0.2744140625 0.8701171875 0.005859375 0.005859375
0 0.263671875 0.8681640625 0.00390625 0.005859375
0 0.2529296875 0.8623046875 0.005859375 0.005859375
0 0.2099609375 0.8544921875 0.001953125 0.001953125
0 0.2587890625 0.85546875 0.001953125 0.0078125
0 0.2294921875 0.8544921875 0.037109375 0.017578125
0 0.2568359375 0.8447265625 0.005859375 0.001953125
0 0.2431640625 0.8408203125 0.001953125 0.001953125
0 0.2001953125 0.845703125 0.013671875 0.01171875
0 0.23046875 0.8359375 0.00390625 0.00390625
0 0.216796875 0.83203125 0.0078125 0.00390625
0 0.5859375 0.841796875 0.0546875 0.046875
0 0.158203125 0.830078125 0.06640625 0.02734375
0 0.158203125 0.81640625 0.00390625 0.00390625
0 0.1689453125 0.8115234375 0.001953125 0.001953125
0 0.1064453125 0.8115234375 0.013671875 0.009765625
0 0.150390625 0.806640625 0.00390625 0.00390625
0 0.732421875 0.7939453125 0.0390625 0.087890625
0 0.2802734375 0.73046875 0.048828125 0.04296875
0 0.7490234375 0.6923828125 0.001953125 0.001953125
0 0.681640625 0.6904296875 0.04296875 0.041015625
0 0.6181640625 0.6787109375 0.052734375 0.041015625
0 0.513671875 0.642578125 0.0078125 0.0078125
0 0.693359375 0.6376953125 0.00390625 0.009765625
0 0.75390625 0.6376953125 0.01171875 0.017578125
0 0.712890625 0.6240234375 0.0078125 0.009765625
0 0.14453125 0.6171875 0.015625 0.01171875
0 0.4013671875 0.6064453125 0.001953125 0.009765625
0 0.126953125 0.6123046875 0.0078125 0.021484375
0 0.1533203125 0.5966796875 0.001953125 0.005859375
0 0.1552734375 0.5888671875 0.001953125 0.001953125
0 0.130859375 0.591796875 0.00390625 0.0078125
0 0.142578125 0.5888671875 0.01171875 0.017578125
0 0.1572265625 0.576171875 0.001953125 0.00390625
0 0.1591796875 0.5673828125 0.001953125 0.005859375
0 0.13671875 0.5634765625 0.0078125 0.025390625
0 0.314453125 0.568359375 0.05078125 0.0390625
0 0.1630859375 0.5517578125 0.001953125 0.009765625
0 0.150390625 0.5576171875 0.01953125 0.033203125
0 0.2412109375 0.5283203125 0.037109375 0.037109375
0 0.1572265625 0.4970703125 0.013671875 0.060546875
0 0.248046875 0.4677734375 0.00390625 0.005859375
0 0.291015625 0.453125 0.01171875 0.01953125
0 0.2275390625 0.4462890625 0.013671875 0.013671875
0 0.19921875 0.435546875 0.0078125 0.0078125
0 0.82421875 0.4189453125 0.00390625 0.005859375
0 0.828125 0.3974609375 0.00390625 0.005859375
0 0.84375 0.3291015625 0.00390625 0.005859375
0 0.861328125 0.2451171875 0.00390625 0.009765625
0 0.8662109375 0.2275390625 0.005859375 0.017578125
0 0.869140625 0.21484375 0.00390625 0.00390625
0 0.7177734375 0.21875 0.060546875 0.046875
0 0.873046875 0.193359375 0.00390625 0.0078125
0 0.8603515625 0.177734375 0.001953125 0.00390625
0 0.876953125 0.1748046875 0.00390625 0.005859375
0 0.880859375 0.162109375 0.00390625 0.0078125
0 0.865234375 0.1650390625 0.01171875 0.021484375
0 0.2236328125 0.1640625 0.009765625 0.03125
0 0.8828125 0.1474609375 0.00390625 0.005859375
0 0.298828125 0.13671875 0.015625 0.0234375
0 0.88671875 0.1318359375 0.0078125 0.017578125
0 0.8583984375 0.0869140625 0.009765625 0.009765625
0 0.41015625 0.0986328125 0.0546875 0.041015625
0 0.7548828125 0.060546875 0.060546875 0.0390625
0 0.8935546875 0.078125 0.044921875 0.09375
