0 0.1748046875 0.8994140625 0.013671875 0.013671875
0 0.1083984375 0.875 0.009765625 0.0390625
0 0.2880859375 0.8603515625 0.052734375 0.033203125
0 0.7900390625 0.8291015625 0.021484375 0.087890625
0 0.6396484375 0.8056640625 0.056640625 0.044921875
0 0.775390625 0.8203125 0.03125 0.08203125
0 0.80078125 0.7646484375 0.00390625 0.005859375
0 0.7802734375 0.7333984375 0.009765625 0.013671875
0 0.7490234375 0.72265625 0.017578125 0.0234375
0 0.81640625 0.6962890625 0.00390625 0.005859375
0 0.728515625 0.7021484375 0.01171875 0.017578125
0 0.146484375 0.6826171875 0.00390625 0.009765625
0 0.322265625 0.693359375 0.0546875 0.04296875
0 0.82421875 0.66015625 0.00390625 0.0078125
0 0.1494140625 0.65625 0.005859375 0.01171875
0 0.8291015625 0.642578125 0.001953125 0.00390625
0 0.1708984375 0.6357421875 0.001953125 0.005859375
0 0.16015625 0.638671875 0.01953125 0.01171875
0 0.7421875 0.642578125 0.0390625 0.04296875
0 0.1748046875 0.615234375 0.001953125 0.00390625
0 0.1767578125 0.6064453125 0.001953125 0.001953125
0 0.1806640625 0.5859375 0.001953125 0.00390625
0 0.62890625 0.5830078125 0.0078125 0.009765625
0 0.8447265625 0.576171875 0.005859375 0.01171875
0 0.181640625 0.5673828125 0.0078125 0.005859375
0 0.8515625 0.546875 0.00390625 0.00390625
0 0.244140625 0.5390625 0.00390625 0.00390625
0 0.45703125 0.5166015625 0.00390625 0.009765625
0 0.859375 0.51171875 0.00390625 0.0078125
0 0.3408203125 0.4951171875 0.033203125 0.033203125
0 0.8408203125 0.4873046875 0.017578125 0.041015625
0 0.2724609375 0.4658203125 0.013671875 0.021484375
0 0.2802734375 0.4521484375 0.001953125 0.001953125
0 0.76171875 0.455078125 0.015625 0.0390625
0 0.2177734375 0.4443359375 0.013671875 0.021484375
0 0.2294921875 0.3876953125 0.013671875 0.037109375
0 0.892578125 0.359375 0.0078125 0.01953125
0 0.896484375 0.337890625 0.00390625 0.0078125
0 0.7890625 0.34375 0.03125 0.02734375
0 0.8486328125 0.3525390625 0.044921875 0.048828125
0 0.88671875 0.3291015625 0.0078125 0.009765625
0 0.8916015625 0.322265625 0.017578125 0.01953125
0 0.216796875 0.318359375 0.015625 0.06640625
0 0.6640625 0.2265625 0.0234375 0.01171875
0 0.6357421875 0.2158203125 0.029296875 0.017578125
0 0.1044921875 0.2099609375 0.005859375 0.005859375
0 0.5439453125 0.1796875 0.001953125 0.00390625
0 0.517578125 0.169921875 0.00390625 0.00390625
0 0.4228515625 0.1318359375 0.005859375 0.005859375
0 0.3369140625 0.15234375 0.041015625 0.046875
0 0.3837890625 0.1181640625 0.013671875 0.009765625
0 0.3408203125 0.1005859375 0.005859375 0.005859375
0 0.2646484375 0.0869140625 0.005859375 0.009765625
