0 0.7529296875 0.876953125 0.005859375 0.0078125
0 0.7373046875 0.8759765625 0.013671875 0.005859375
0 0.724609375 0.8759765625 0.0078125 0.005859375
0 0.7138671875 0.8759765625 0.005859375 0.005859375
0 0.6884765625 0.876953125 0.021484375 0.0078125
0 0.47265625 0.876953125 0.00390625 0.0078125
0 0.4619140625 0.876953125 0.005859375 0.0078125
0 0.837890625 0.8740234375 0.00390625 0.005859375
0 0.8203125 0.8740234375 0.00390625 0.005859375
0 0.8056640625 0.873046875 0.005859375 0.00390625
0 0.7939453125 0.873046875 0.005859375 0.00390625
0 0.5234375 0.8740234375 0.00390625 0.005859375
0 0.115234375 0.87109375 0.01171875 0.0078125
0 0.748046875 0.8623046875 0.00390625 0.001953125
0 0.7275390625 0.8623046875 0.005859375 0.001953125
0 0.7021484375 0.865234375 0.005859375 0.0078125
0 0.107421875 0.857421875 0.00390625 0.0078125
0 0.6806640625 0.8525390625 0.005859375 0.013671875
0 0.107421875 0.8447265625 0.00390625 0.001953125
0 0.728515625 0.8466796875 0.03515625 0.009765625
0 0.177734375 0.849609375 0.04296875 0.02734375
0 0.826171875 0.8466796875 0.0390625 0.025390625
0 0.1064453125 0.833984375 0.001953125 0.0078125
0 0.7119140625 0.6962890625 0.068359375 0.041015625
0 0.310546875 0.6943359375 0.06640625 0.037109375
0 0.8896484375 0.638671875 0.005859375 0.00390625
0 0.119140625 0.5908203125 0.0078125 0.009765625
0 0.107421875 0.5908203125 0.02734375 0.064453125
0 0.1220703125 0.53515625 0.001953125 0.015625
0 0.875 0.576171875 0.01953125 0.1015625
0 0.892578125 0.576171875 0.015625 0.10546875
0 0.0947265625 0.5322265625 0.005859375 0.025390625
0 0.107421875 0.53515625 0.015625 0.03515625
0 0.427734375 0.4892578125 0.00390625 0.005859375
0 0.57421875 0.4853515625 0.00390625 0.005859375
0 0.71484375 0.4853515625 0.0703125 0.041015625
0 0.310546875 0.48046875 0.0703125 0.03515625
0 0.7939453125 0.47265625 0.052734375 0.0546875
0 0.2099609375 0.4658203125 0.048828125 0.052734375
0 0.7939453125 0.400390625 0.009765625 0.01171875
0 0.8955078125 0.3857421875 0.005859375 0.009765625
0 0.203125 0.3857421875 0.0078125 0.009765625
0 0.8154296875 0.3759765625 0.009765625 0.013671875
0 0.869140625 0.376953125 0.015625 0.0234375
0 0.1357421875 0.3671875 0.013671875 0.01171875
0 0.1748046875 0.3642578125 0.017578125 0.017578125
0 0.2548828125 0.3486328125 0.017578125 0.025390625
0 0.8974609375 0.3271484375 0.005859375 0.099609375
0 0.0947265625 0.2734375 0.013671875 0.08203125
0 0.900390625 0.185546875 0.00390625 0.01171875
0 0.9033203125 0.1240234375 0.005859375 0.017578125
