0 0.2392578125 0.7685546875 0.013671875 0.021484375
0 0.7158203125 0.6865234375 0.068359375 0.041015625
0 0.3505859375 0.6826171875 0.064453125 0.033203125
0 0.7216796875 0.4951171875 0.068359375 0.041015625
0 0.353515625 0.484375 0.06640625 0.04296875
0 0.1787109375 0.4404296875 0.001953125 0.009765625
0 0.16796875 0.4423828125 0.0234375 0.099609375
0 0.2333984375 0.3486328125 0.013671875 0.013671875
0 0.18359375 0.34765625 0.01171875 0.01171875
0 0.8408203125 0.3603515625 0.060546875 0.044921875
0 0.798828125 0.345703125 0.01953125 0.0234375
0 0.2548828125 0.3251953125 0.005859375 0.009765625
0 0.861328125 0.310546875 0.00390625 0.00390625
0 0.869140625 0.3037109375 0.01171875 0.037109375
0 0.853515625 0.26171875 0.00390625 0.00390625
0 0.80078125 0.2763671875 0.05078125 0.060546875
0 0.6630859375 0.2509765625 0.009765625 0.013671875
0 0.849609375 0.25 0.01171875 0.015625
0 0.3310546875 0.259765625 0.041015625 0.04296875
0 0.1875 0.25 0.015625 0.02734375
0 0.462890625 0.240234375 0.0078125 0.015625
0 0.251953125 0.2509765625 0.015625 0.037109375
0 0.1884765625 0.1826171875 0.017578125 0.041015625
0 0.8642578125 0.1630859375 0.001953125 0.005859375
0 0.8359375 0.1240234375 0.00390625 0.005859375
0 0.7509765625 0.083984375 0.001953125 0.00390625
0 0.8330078125 0.068359375 0.001953125 0.00390625
0 0.7841796875 0.064453125 0.021484375 0.0546875
0 0.771484375 0.013671875 0.0078125 0.01171875
0 0.8759765625 0.134765625 0.029296875 0.2578125
0 0.9013671875 0.044921875 0.005859375 0.08984375
0 0.78515625 0.001953125 0.00390625 0.00390625
