0 0.9404296875 0.6865234375 0.017578125 0.009765625
0 0.1689453125 0.6767578125 0.013671875 0.009765625
0 0.0419921875 0.67578125 0.021484375 0.0078125
0 0.8525390625 0.6689453125 0.017578125 0.009765625
0 0.1318359375 0.6591796875 0.021484375 0.009765625
0 0.775390625 0.654296875 0.015625 0.01171875
0 0.20703125 0.64453125 0.015625 0.0078125
0 0.3076171875 0.640625 0.009765625 0.0078125
0 0.38671875 0.6357421875 0.00390625 0.001953125
0 0.3798828125 0.6376953125 0.005859375 0.005859375
0 0.3388671875 0.6328125 0.009765625 0.00390625
0 0.634765625 0.6328125 0.015625 0.0078125
0 0.3671875 0.630859375 0.00390625 0.00390625
0 0.3046875 0.630859375 0.00390625 0.0078125
0 0.224609375 0.630859375 0.1015625 0.0078125
0 0.75 0.6240234375 0.109375 0.037109375
0 0.7001953125 0.5869140625 0.005859375 0.005859375
0 0.5810546875 0.5625 0.029296875 0.01953125
0 0.3994140625 0.560546875 0.029296875 0.01953125
0 0.75390625 0.5703125 0.0390625 0.046875
0 0.2216796875 0.560546875 0.041015625 0.046875
0 0.3125 0.525390625 0.0078125 0.0078125
0 0.3037109375 0.517578125 0.005859375 0.01171875
0 0.3115234375 0.5068359375 0.001953125 0.005859375
0 0.65625 0.5068359375 0.015625 0.052734375
0 0.8076171875 0.501953125 0.041015625 0.046875
0 0.30859375 0.4873046875 0.015625 0.021484375
0 0.7099609375 0.5283203125 0.025390625 0.107421875
0 0.2666015625 0.4912109375 0.017578125 0.044921875
0 0.1708984375 0.48828125 0.033203125 0.046875
0 0.5810546875 0.466796875 0.029296875 0.01953125
0 0.3994140625 0.46484375 0.029296875 0.01953125
0 0.6181640625 0.462890625 0.021484375 0.0234375
0 0.3544921875 0.458984375 0.021484375 0.01953125
0 0.7001953125 0.4482421875 0.001953125 0.009765625
0 0.7001953125 0.439453125 0.001953125 0.00390625
0 0.6181640625 0.4306640625 0.001953125 0.005859375
0 0.3525390625 0.423828125 0.001953125 0.00390625
0 0.650390625 0.419921875 0.0078125 0.00390625
0 0.626953125 0.419921875 0.00390625 0.00390625
0 0.701171875 0.421875 0.00390625 0.01171875
0 0.3212890625 0.416015625 0.001953125 0.00390625
0 0.7021484375 0.4130859375 0.001953125 0.001953125
0 0.337890625 0.4150390625 0.00390625 0.005859375
0 0.7568359375 0.431640625 0.041015625 0.046875
0 0.3720703125 0.4052734375 0.005859375 0.013671875
0 0.2216796875 0.4189453125 0.041015625 0.048828125
0 0.3046875 0.3935546875 0.00390625 0.005859375
0 0.3056640625 0.37890625 0.005859375 0.015625
0 0.17578125 0.3583984375 0.02734375 0.025390625
0 0.8115234375 0.375 0.044921875 0.07421875
0 0.7138671875 0.373046875 0.025390625 0.0703125
0 0.2666015625 0.3525390625 0.017578125 0.037109375
