0 0.810546875 0.8681640625 0.0078125 0.005859375
0 0.798828125 0.8681640625 0.00390625 0.005859375
0 0.7314453125 0.859375 0.013671875 0.0078125
0 0.6923828125 0.859375 0.005859375 0.0078125
0 0.7421875 0.85546875 0.00390625 0.00390625
0 0.67578125 0.857421875 0.0078125 0.0078125
0 0.11328125 0.8583984375 0.0078125 0.009765625
0 0.1064453125 0.853515625 0.001953125 0.00390625
0 0.6748046875 0.84375 0.005859375 0.015625
0 0.8134765625 0.84375 0.021484375 0.03515625
0 0.173828125 0.8369140625 0.04296875 0.029296875
0 0.70703125 0.689453125 0.06640625 0.0390625
0 0.306640625 0.681640625 0.06640625 0.0390625
0 0.107421875 0.5771484375 0.02734375 0.060546875
0 0.1025390625 0.5224609375 0.017578125 0.041015625
0 0.572265625 0.4814453125 0.00390625 0.009765625
0 0.42578125 0.478515625 0.0078125 0.0078125
0 0.7119140625 0.478515625 0.068359375 0.0390625
0 0.30859375 0.470703125 0.06640625 0.0390625
0 0.791015625 0.4677734375 0.0546875 0.052734375
0 0.2080078125 0.4521484375 0.052734375 0.056640625
0 0.7919921875 0.3994140625 0.009765625 0.009765625
0 0.8125 0.3740234375 0.01171875 0.013671875
0 0.2021484375 0.373046875 0.009765625 0.01171875
0 0.8681640625 0.373046875 0.021484375 0.01953125
0 0.13671875 0.353515625 0.01171875 0.015625
0 0.173828125 0.3525390625 0.015625 0.017578125
0 0.255859375 0.3369140625 0.01953125 0.025390625
