0 0.880859375 0.7060546875 0.015625 0.009765625
0 0.193359375 0.697265625 0.0234375 0.0078125
0 0.0517578125 0.6962890625 0.021484375 0.009765625
0 0.9169921875 0.6875 0.017578125 0.01171875
0 0.2705078125 0.6787109375 0.009765625 0.005859375
0 0.1435546875 0.6767578125 0.017578125 0.009765625
0 0.8349609375 0.669921875 0.005859375 0.0078125
0 0.2275390625 0.6611328125 0.021484375 0.005859375
0 0.1025390625 0.66015625 0.021484375 0.0078125
0 0.66796875 0.6513671875 0.01953125 0.009765625
0 0.4306640625 0.646484375 0.021484375 0.0078125
0 0.3193359375 0.6455078125 0.001953125 0.005859375
0 0.3134765625 0.6455078125 0.005859375 0.005859375
0 0.349609375 0.64453125 0.0078125 0.0078125
0 0.244140625 0.64453125 0.11328125 0.0078125
0 0.1552734375 0.642578125 0.044921875 0.0078125
0 0.6943359375 0.6416015625 0.017578125 0.009765625
0 0.6279296875 0.6376953125 0.009765625 0.005859375
0 0.4208984375 0.6357421875 0.021484375 0.005859375
0 0.3818359375 0.6357421875 0.017578125 0.009765625
0 0.787109375 0.6416015625 0.0390625 0.025390625
0 0.1357421875 0.591796875 0.005859375 0.00390625
0 0.142578125 0.576171875 0.00390625 0.0078125
0 0.802734375 0.5810546875 0.04296875 0.048828125
0 0.6376953125 0.56640625 0.033203125 0.01953125
0 0.4462890625 0.5625 0.029296875 0.01953125
0 0.1162109375 0.55078125 0.005859375 0.0078125
0 0.2412109375 0.5703125 0.041015625 0.05078125
0 0.1328125 0.548828125 0.015625 0.01171875
0 0.3583984375 0.4912109375 0.001953125 0.001953125
0 0.7177734375 0.5087890625 0.017578125 0.056640625
0 0.3525390625 0.5 0.009765625 0.0546875
0 0.2958984375 0.4970703125 0.044921875 0.052734375
0 0.1826171875 0.4951171875 0.044921875 0.052734375
0 0.5732421875 0.4677734375 0.001953125 0.001953125
0 0.5029296875 0.4677734375 0.001953125 0.001953125
0 0.638671875 0.4658203125 0.03515625 0.021484375
0 0.677734375 0.4619140625 0.02734375 0.025390625
0 0.447265625 0.4599609375 0.03125 0.021484375
0 0.4013671875 0.4541015625 0.025390625 0.025390625
0 0.12890625 0.4423828125 0.0078125 0.001953125
0 0.1376953125 0.439453125 0.005859375 0.00390625
0 0.677734375 0.427734375 0.00390625 0.00390625
0 0.7255859375 0.42578125 0.005859375 0.0078125
0 0.142578125 0.4248046875 0.00390625 0.009765625
0 0.6875 0.4169921875 0.0078125 0.005859375
0 0.3984375 0.416015625 0.00390625 0.00390625
0 0.712890625 0.416015625 0.0078125 0.01171875
0 0.8076171875 0.43359375 0.044921875 0.05078125
0 0.7255859375 0.412109375 0.005859375 0.0078125
0 0.3837890625 0.408203125 0.005859375 0.0078125
0 0.3671875 0.4072265625 0.00390625 0.005859375
0 0.240234375 0.419921875 0.04296875 0.05078125
0 0.126953125 0.404296875 0.0390625 0.0234375
0 0.4208984375 0.3984375 0.009765625 0.015625
0 0.77734375 0.39453125 0.00390625 0.03125
0 0.7919921875 0.3701171875 0.001953125 0.001953125
0 0.7861328125 0.3681640625 0.005859375 0.005859375
0 0.7255859375 0.384765625 0.005859375 0.0390625
0 0.791015625 0.361328125 0.0078125 0.00390625
0 0.779296875 0.3671875 0.00390625 0.015625
0 0.841796875 0.3408203125 0.00390625 0.005859375
0 0.1826171875 0.349609375 0.044921875 0.0390625
0 0.2978515625 0.3427734375 0.044921875 0.060546875
