0 0.8876953125 0.9111328125 0.001953125 0.001953125
0 0.810546875 0.9130859375 0.0078125 0.009765625
0 0.8857421875 0.8974609375 0.005859375 0.013671875
0 0.8212890625 0.8896484375 0.009765625 0.009765625
0 0.8828125 0.8818359375 0.00390625 0.005859375
0 0.8603515625 0.8720703125 0.013671875 0.013671875
0 0.876953125 0.8525390625 0.00390625 0.005859375
0 0.2578125 0.8349609375 0.0078125 0.025390625
0 0.873046875 0.83203125 0.0078125 0.02734375
0 0.251953125 0.8125 0.00390625 0.0078125
0 0.8681640625 0.802734375 0.005859375 0.015625
0 0.25 0.798828125 0.00390625 0.01171875
0 0.310546875 0.7783203125 0.01171875 0.017578125
0 0.3837890625 0.6767578125 0.048828125 0.037109375
0 0.2080078125 0.5791015625 0.005859375 0.005859375
0 0.1953125 0.5673828125 0.00390625 0.001953125
0 0.6806640625 0.5654296875 0.052734375 0.041015625
0 0.818359375 0.5380859375 0.00390625 0.005859375
0 0.814453125 0.521484375 0.00390625 0.0078125
0 0.19921875 0.5224609375 0.00390625 0.009765625
0 0.1923828125 0.505859375 0.009765625 0.0078125
0 0.3515625 0.517578125 0.0546875 0.0390625
0 0.80859375 0.490234375 0.00390625 0.00390625
0 0.1826171875 0.5009765625 0.017578125 0.052734375
0 0.2333984375 0.447265625 0.001953125 0.0078125
0 0.6484375 0.4072265625 0.0546875 0.044921875
0 0.17578125 0.380859375 0.01171875 0.015625
0 0.2275390625 0.365234375 0.013671875 0.0234375
0 0.29296875 0.3466796875 0.03125 0.033203125
0 0.7685546875 0.3203125 0.001953125 0.0078125
0 0.166015625 0.330078125 0.015625 0.03125
0 0.392578125 0.2900390625 0.00390625 0.005859375
0 0.7705078125 0.3271484375 0.037109375 0.087890625
0 0.705078125 0.26953125 0.01953125 0.0234375
0 0.6826171875 0.263671875 0.013671875 0.015625
0 0.736328125 0.2568359375 0.01171875 0.013671875
0 0.556640625 0.2333984375 0.0078125 0.009765625
0 0.7548828125 0.2119140625 0.009765625 0.033203125
0 0.6728515625 0.2060546875 0.037109375 0.044921875
0 0.74609375 0.1689453125 0.01171875 0.048828125
0 0.10546875 0.1708984375 0.015625 0.064453125
0 0.740234375 0.1328125 0.00390625 0.01171875
0 0.734375 0.111328125 0.0078125 0.0234375
0 0.1630859375 0.078125 0.037109375 0.0390625
0 0.728515625 0.0751953125 0.01171875 0.041015625
0 0.6201171875 0.0576171875 0.009765625 0.009765625
