0 0.7333984375 0.84375 0.056640625 0.03515625
0 0.4033203125 0.8408203125 0.056640625 0.029296875
0 0.2412109375 0.66796875 0.017578125 0.01171875
0 0.7392578125 0.6708984375 0.056640625 0.033203125
0 0.4072265625 0.6640625 0.060546875 0.03515625
0 0.2412109375 0.591796875 0.017578125 0.01171875
0 0.255859375 0.544921875 0.01171875 0.0078125
0 0.0869140625 0.5439453125 0.005859375 0.005859375
0 0.828125 0.5517578125 0.01953125 0.025390625
0 0.2998046875 0.5439453125 0.009765625 0.009765625
0 0.8076171875 0.5390625 0.013671875 0.01953125
0 0.318359375 0.525390625 0.00390625 0.0078125
0 0.80859375 0.4755859375 0.04296875 0.048828125
0 0.685546875 0.4560546875 0.00390625 0.009765625
0 0.3876953125 0.4658203125 0.037109375 0.037109375
0 0.2587890625 0.45703125 0.013671875 0.0234375
0 0.5048828125 0.4462890625 0.005859375 0.009765625
0 0.3154296875 0.4560546875 0.013671875 0.029296875
0 0.259765625 0.3984375 0.015625 0.03515625
0 0.8740234375 0.28515625 0.013671875 0.0390625
0 0.7939453125 0.2861328125 0.017578125 0.041015625
0 0.1650390625 0.205078125 0.009765625 0.02734375
0 0.1455078125 0.189453125 0.005859375 0.0078125
0 0.7978515625 0.1630859375 0.033203125 0.025390625
0 0.859375 0.15234375 0.046875 0.046875
0 0.89453125 0.1142578125 0.01171875 0.009765625
0 0.318359375 0.1318359375 0.04296875 0.048828125
0 0.8095703125 0.0986328125 0.021484375 0.009765625
0 0.7861328125 0.09765625 0.017578125 0.0078125
0 0.6103515625 0.08984375 0.009765625 0.0078125
0 0.6318359375 0.08984375 0.029296875 0.01171875
0 0.462890625 0.083984375 0.00390625 0.00390625
0 0.455078125 0.0849609375 0.00390625 0.005859375
0 0.236328125 0.0888671875 0.00390625 0.013671875
0 0.435546875 0.083984375 0.01171875 0.0078125
0 0.291015625 0.0791015625 0.00390625 0.005859375
0 0.267578125 0.078125 0.0390625 0.0078125
