0 0.2548828125 0.9208984375 0.029296875 0.017578125
0 0.6416015625 0.890625 0.041015625 0.0390625
0 0.58203125 0.8818359375 0.05078125 0.037109375
0 0.484375 0.8486328125 0.00390625 0.009765625
0 0.65234375 0.841796875 0.0078125 0.0078125
0 0.7099609375 0.841796875 0.013671875 0.015625
0 0.7333984375 0.8271484375 0.001953125 0.001953125
0 0.671875 0.8291015625 0.0078125 0.009765625
0 0.115234375 0.837890625 0.0078125 0.02734375
0 0.138671875 0.82421875 0.0078125 0.015625
0 0.1328125 0.818359375 0.00390625 0.01171875
0 0.376953125 0.814453125 0.00390625 0.0078125
0 0.736328125 0.8115234375 0.00390625 0.005859375
0 0.1201171875 0.8134765625 0.005859375 0.013671875
0 0.1416015625 0.8056640625 0.001953125 0.001953125
0 0.1455078125 0.787109375 0.001953125 0.00390625
0 0.1279296875 0.7939453125 0.017578125 0.033203125
0 0.1474609375 0.7763671875 0.001953125 0.005859375
0 0.138671875 0.779296875 0.0078125 0.01171875
0 0.29296875 0.78125 0.05078125 0.03515625
0 0.748046875 0.7607421875 0.00390625 0.001953125
0 0.1494140625 0.7626953125 0.005859375 0.005859375
0 0.140625 0.7646484375 0.00390625 0.009765625
0 0.2236328125 0.7431640625 0.033203125 0.033203125
0 0.7607421875 0.7041015625 0.005859375 0.005859375
0 0.7646484375 0.6884765625 0.001953125 0.005859375
0 0.2314453125 0.6865234375 0.001953125 0.005859375
0 0.1484375 0.701171875 0.015625 0.05859375
0 0.26953125 0.673828125 0.015625 0.01953125
0 0.2109375 0.6650390625 0.0078125 0.009765625
0 0.1845703125 0.65625 0.005859375 0.0078125
0 0.7958984375 0.5517578125 0.001953125 0.001953125
0 0.806640625 0.5048828125 0.00390625 0.005859375
0 0.67578125 0.4482421875 0.0546875 0.044921875
0 0.8154296875 0.3955078125 0.009765625 0.013671875
0 0.2841796875 0.3759765625 0.001953125 0.001953125
0 0.2099609375 0.388671875 0.009765625 0.0390625
0 0.2783203125 0.376953125 0.013671875 0.01953125
0 0.837890625 0.3603515625 0.00390625 0.005859375
0 0.8359375 0.3359375 0.00390625 0.0078125
0 0.3837890625 0.33984375 0.052734375 0.03515625
0 0.2294921875 0.2900390625 0.005859375 0.009765625
0 0.7099609375 0.2958984375 0.056640625 0.044921875
0 0.84375 0.3095703125 0.04296875 0.099609375
0 0.8466796875 0.2578125 0.009765625 0.015625
0 0.8623046875 0.2490234375 0.001953125 0.005859375
0 0.8671875 0.2275390625 0.00390625 0.009765625
0 0.7939453125 0.197265625 0.017578125 0.0234375
0 0.85546875 0.1845703125 0.00390625 0.001953125
0 0.8740234375 0.1982421875 0.013671875 0.044921875
0 0.833984375 0.2099609375 0.06640625 0.072265625
0 0.248046875 0.193359375 0.01171875 0.0390625
0 0.8681640625 0.1708984375 0.001953125 0.001953125
0 0.4169921875 0.1806640625 0.056640625 0.044921875
0 0.8505859375 0.1357421875 0.005859375 0.009765625
0 0.8759765625 0.1328125 0.009765625 0.02734375
0 0.8056640625 0.142578125 0.041015625 0.05078125
0 0.2724609375 0.107421875 0.025390625 0.05078125
0 0.7001953125 0.080078125 0.009765625 0.01171875
0 0.2861328125 0.0732421875 0.001953125 0.005859375
0 0.884765625 0.0908203125 0.01171875 0.044921875
0 0.8916015625 0.119140625 0.025390625 0.10546875
0 0.2890625 0.064453125 0.00390625 0.0078125
0 0.275390625 0.0654296875 0.01171875 0.017578125
