0 0.18359375 0.95703125 0.0078125 0.01171875
0 0.173828125 0.9345703125 0.0078125 0.005859375
0 0.1611328125 0.931640625 0.001953125 0.00390625
0 0.1552734375 0.9306640625 0.001953125 0.005859375
0 0.1396484375 0.923828125 0.013671875 0.01171875
0 0.5654296875 0.9208984375 0.052734375 0.017578125
0 0.1025390625 0.9091796875 0.005859375 0.001953125
0 0.69921875 0.9072265625 0.01171875 0.033203125
0 0.720703125 0.8916015625 0.01953125 0.072265625
0 0.7109375 0.8681640625 0.01953125 0.041015625
0 0.271484375 0.833984375 0.04296875 0.046875
0 0.662109375 0.7890625 0.0390625 0.0390625
0 0.6005859375 0.77734375 0.052734375 0.0390625
0 0.4951171875 0.7421875 0.005859375 0.00390625
0 0.673828125 0.734375 0.00390625 0.0078125
0 0.7333984375 0.736328125 0.013671875 0.015625
0 0.6923828125 0.7236328125 0.009765625 0.009765625
0 0.3857421875 0.70703125 0.001953125 0.00390625
0 0.1396484375 0.7080078125 0.009765625 0.029296875
0 0.126953125 0.685546875 0.00390625 0.0078125
0 0.14453125 0.6845703125 0.00390625 0.013671875
0 0.138671875 0.6640625 0.0078125 0.01171875
0 0.2998046875 0.669921875 0.048828125 0.03515625
0 0.150390625 0.6572265625 0.00390625 0.013671875
0 0.14453125 0.6474609375 0.00390625 0.005859375
0 0.2353515625 0.6298828125 0.013671875 0.017578125
0 0.1474609375 0.595703125 0.013671875 0.05859375
0 0.2763671875 0.556640625 0.013671875 0.01953125
0 0.2158203125 0.546875 0.005859375 0.0078125
0 0.69921875 0.326171875 0.0546875 0.046875
0 0.28515625 0.251953125 0.01171875 0.01171875
0 0.28125 0.2412109375 0.00390625 0.005859375
0 0.8662109375 0.2080078125 0.001953125 0.001953125
0 0.3935546875 0.208984375 0.052734375 0.0390625
0 0.8740234375 0.1748046875 0.001953125 0.005859375
0 0.876953125 0.158203125 0.00390625 0.00390625
0 0.7353515625 0.1640625 0.056640625 0.046875
0 0.87890625 0.1787109375 0.01953125 0.080078125
0 0.865234375 0.1796875 0.03125 0.0859375
0 0.8896484375 0.1279296875 0.005859375 0.013671875
0 0.89453125 0.107421875 0.00390625 0.0078125
0 0.8974609375 0.0908203125 0.005859375 0.013671875
0 0.875 0.091796875 0.0234375 0.02734375
0 0.8896484375 0.0732421875 0.001953125 0.001953125
0 0.8408203125 0.0830078125 0.021484375 0.025390625
0 0.9013671875 0.07421875 0.005859375 0.01171875
0 0.822265625 0.0625 0.015625 0.01953125
0 0.9052734375 0.056640625 0.005859375 0.01171875
0 0.2509765625 0.06640625 0.013671875 0.046875
0 0.4306640625 0.05078125 0.052734375 0.02734375
