0 0.7158203125 0.8798828125 0.009765625 0.005859375
0 0.6875 0.8515625 0.03125 0.0234375
0 0.5947265625 0.8330078125 0.001953125 0.001953125
0 0.5810546875 0.830078125 0.001953125 0.00390625
0 0.62109375 0.8271484375 0.00390625 0.001953125
0 0.5673828125 0.826171875 0.009765625 0.0078125
0 0.609375 0.8212890625 0.0078125 0.005859375
0 0.5380859375 0.8193359375 0.025390625 0.013671875
0 0.591796875 0.814453125 0.01171875 0.0078125
0 0.5810546875 0.810546875 0.001953125 0.00390625
0 0.505859375 0.80859375 0.00390625 0.00390625
0 0.4150390625 0.77734375 0.001953125 0.00390625
0 0.4013671875 0.7705078125 0.005859375 0.005859375
0 0.3603515625 0.7587890625 0.001953125 0.001953125
0 0.3486328125 0.751953125 0.005859375 0.0078125
0 0.3369140625 0.7490234375 0.001953125 0.001953125
0 0.32421875 0.7431640625 0.00390625 0.005859375
0 0.3125 0.7392578125 0.01171875 0.005859375
0 0.2958984375 0.7333984375 0.005859375 0.005859375
0 0.2841796875 0.728515625 0.001953125 0.00390625
0 0.26953125 0.7177734375 0.00390625 0.001953125
0 0.2509765625 0.7138671875 0.005859375 0.005859375
0 0.2392578125 0.708984375 0.005859375 0.0078125
0 0.2275390625 0.705078125 0.001953125 0.00390625
0 0.2666015625 0.7021484375 0.005859375 0.001953125
0 0.212890625 0.7001953125 0.0078125 0.005859375
0 0.251953125 0.6953125 0.00390625 0.00390625
0 0.2373046875 0.6923828125 0.001953125 0.001953125
0 0.189453125 0.6982421875 0.0390625 0.017578125
0 0.1533203125 0.681640625 0.001953125 0.00390625
0 0.6181640625 0.6953125 0.056640625 0.0390625
0 0.759765625 0.6806640625 0.01171875 0.013671875
0 0.1064453125 0.666015625 0.009765625 0.0078125
0 0.7841796875 0.654296875 0.021484375 0.07421875
0 0.76953125 0.634765625 0.0234375 0.06640625
0 0.2705078125 0.5771484375 0.001953125 0.001953125
0 0.3056640625 0.583984375 0.029296875 0.02734375
0 0.28125 0.572265625 0.03125 0.03125
0 0.7216796875 0.5380859375 0.041015625 0.041015625
0 0.6533203125 0.5263671875 0.056640625 0.041015625
0 0.7333984375 0.482421875 0.005859375 0.0078125
0 0.7958984375 0.4833984375 0.013671875 0.013671875
0 0.7548828125 0.4677734375 0.005859375 0.009765625
0 0.1484375 0.458984375 0.01171875 0.0078125
0 0.15625 0.4482421875 0.00390625 0.005859375
0 0.421875 0.4453125 0.00390625 0.00390625
0 0.1572265625 0.4404296875 0.001953125 0.005859375
0 0.1591796875 0.4296875 0.001953125 0.01171875
0 0.1630859375 0.4091796875 0.001953125 0.013671875
0 0.1455078125 0.4033203125 0.005859375 0.013671875
0 0.328125 0.40625 0.0546875 0.0390625
0 0.1669921875 0.392578125 0.005859375 0.015625
0 0.8447265625 0.369140625 0.001953125 0.00390625
0 0.25 0.361328125 0.0390625 0.0390625
0 0.158203125 0.3447265625 0.01953125 0.056640625
0 0.2587890625 0.296875 0.005859375 0.0078125
0 0.3046875 0.28125 0.015625 0.0234375
0 0.2373046875 0.2724609375 0.013671875 0.013671875
0 0.20703125 0.26171875 0.0078125 0.0078125
0 0.8818359375 0.2021484375 0.005859375 0.005859375
0 0.9013671875 0.1142578125 0.005859375 0.009765625
