0 0.4736328125 0.94140625 0.009765625 0.0078125
0 0.4423828125 0.9306640625 0.044921875 0.017578125
0 0.412109375 0.919921875 0.01171875 0.0078125
0 0.380859375 0.9091796875 0.046875 0.017578125
0 0.3251953125 0.890625 0.060546875 0.0234375
0 0.287109375 0.876953125 0.01171875 0.0078125
0 0.27734375 0.8720703125 0.00390625 0.005859375
0 0.2216796875 0.869140625 0.025390625 0.015625
0 0.23828125 0.859375 0.01953125 0.01171875
0 0.224609375 0.8564453125 0.00390625 0.005859375
0 0.2138671875 0.8525390625 0.005859375 0.005859375
0 0.2548828125 0.84765625 0.001953125 0.00390625
0 0.240234375 0.841796875 0.0078125 0.00390625
0 0.232421875 0.8388671875 0.00390625 0.001953125
0 0.1953125 0.83984375 0.00390625 0.00390625
0 0.1787109375 0.8388671875 0.025390625 0.013671875
0 0.16015625 0.8330078125 0.00390625 0.005859375
0 0.1513671875 0.8291015625 0.005859375 0.005859375
0 0.1435546875 0.8232421875 0.001953125 0.001953125
0 0.5810546875 0.8408203125 0.056640625 0.044921875
0 0.1220703125 0.8203125 0.013671875 0.0078125
0 0.1005859375 0.8115234375 0.005859375 0.005859375
0 0.732421875 0.8173828125 0.01171875 0.037109375
0 0.75 0.787109375 0.00390625 0.00390625
0 0.7392578125 0.7880859375 0.005859375 0.013671875
0 0.7333984375 0.7744140625 0.001953125 0.001953125
0 0.744140625 0.767578125 0.0078125 0.01953125
0 0.7255859375 0.7890625 0.029296875 0.08203125
0 0.751953125 0.73046875 0.00390625 0.00390625
0 0.2783203125 0.728515625 0.041015625 0.0390625
0 0.6796875 0.6884765625 0.0390625 0.041015625
0 0.6162109375 0.67578125 0.052734375 0.0390625
0 0.5087890625 0.640625 0.005859375 0.00390625
0 0.6923828125 0.6337890625 0.005859375 0.009765625
0 0.751953125 0.634765625 0.015625 0.015625
0 0.7109375 0.6220703125 0.0078125 0.009765625
0 0.134765625 0.6123046875 0.00390625 0.001953125
0 0.396484375 0.603515625 0.00390625 0.00390625
0 0.1416015625 0.609375 0.005859375 0.015625
0 0.1474609375 0.583984375 0.001953125 0.01171875
0 0.134765625 0.5810546875 0.00390625 0.005859375
0 0.1435546875 0.5576171875 0.009765625 0.013671875
0 0.3076171875 0.5654296875 0.048828125 0.037109375
0 0.15234375 0.5546875 0.00390625 0.015625
0 0.1513671875 0.541015625 0.001953125 0.00390625
0 0.2294921875 0.5341796875 0.001953125 0.001953125
0 0.2333984375 0.5205078125 0.025390625 0.025390625
0 0.150390625 0.4931640625 0.015625 0.056640625
0 0.2841796875 0.4482421875 0.013671875 0.021484375
0 0.2216796875 0.4375 0.009765625 0.0078125
0 0.8505859375 0.2919921875 0.005859375 0.005859375
0 0.7177734375 0.2119140625 0.056640625 0.048828125
0 0.21484375 0.1650390625 0.00390625 0.005859375
0 0.294921875 0.130859375 0.01171875 0.01171875
0 0.8916015625 0.1044921875 0.001953125 0.001953125
0 0.8896484375 0.08203125 0.001953125 0.0078125
0 0.404296875 0.08984375 0.0546875 0.04296875
0 0.880859375 0.0732421875 0.01953125 0.064453125
0 0.900390625 0.0703125 0.01953125 0.0625
0 0.75390625 0.0517578125 0.05859375 0.033203125
