0 0.091796875 0.94140625 0.0078125 0.01953125
0 0.119140625 0.919921875 0.00390625 0.0078125
0 0.35546875 0.9150390625 0.00390625 0.005859375
0 0.123046875 0.9033203125 0.00390625 0.013671875
0 0.1240234375 0.8916015625 0.001953125 0.001953125
0 0.1259765625 0.8818359375 0.001953125 0.005859375
0 0.1171875 0.8759765625 0.00390625 0.005859375
0 0.2724609375 0.8818359375 0.048828125 0.033203125
0 0.1259765625 0.8681640625 0.013671875 0.017578125
0 0.2099609375 0.8447265625 0.009765625 0.017578125
0 0.2001953125 0.8330078125 0.005859375 0.001953125
0 0.1279296875 0.7978515625 0.013671875 0.052734375
0 0.2509765625 0.7763671875 0.013671875 0.017578125
0 0.1943359375 0.767578125 0.001953125 0.00390625
0 0.1904296875 0.7646484375 0.001953125 0.001953125
0 0.6552734375 0.5517578125 0.052734375 0.041015625
0 0.2548828125 0.4853515625 0.009765625 0.009765625
0 0.1904296875 0.4853515625 0.005859375 0.009765625
0 0.2607421875 0.4775390625 0.001953125 0.001953125
0 0.2548828125 0.4755859375 0.005859375 0.005859375
0 0.818359375 0.44921875 0.00390625 0.00390625
0 0.361328125 0.443359375 0.05078125 0.03515625
0 0.8193359375 0.4130859375 0.001953125 0.001953125
0 0.8212890625 0.4052734375 0.001953125 0.001953125
0 0.689453125 0.3974609375 0.0546875 0.041015625
0 0.828125 0.4091796875 0.01953125 0.068359375
0 0.8125 0.412109375 0.02734375 0.08203125
0 0.837890625 0.361328125 0.00390625 0.00390625
0 0.845703125 0.3291015625 0.00390625 0.001953125
0 0.822265625 0.3291015625 0.0234375 0.025390625
0 0.7890625 0.3203125 0.01953125 0.02734375
0 0.8505859375 0.30859375 0.005859375 0.01171875
0 0.8369140625 0.3046875 0.001953125 0.00390625
0 0.8505859375 0.2939453125 0.001953125 0.001953125
0 0.771484375 0.2978515625 0.01171875 0.017578125
0 0.85546875 0.2802734375 0.0078125 0.013671875
0 0.3955078125 0.2861328125 0.052734375 0.044921875
0 0.2294921875 0.287109375 0.013671875 0.05078125
0 0.25 0.236328125 0.0078125 0.0078125
0 0.2421875 0.23046875 0.00390625 0.0078125
0 0.869140625 0.2236328125 0.00390625 0.005859375
0 0.7841796875 0.244140625 0.037109375 0.046875
0 0.87109375 0.21484375 0.00390625 0.00390625
0 0.873046875 0.2001953125 0.00390625 0.009765625
0 0.6787109375 0.1845703125 0.005859375 0.009765625
0 0.2568359375 0.2041015625 0.017578125 0.052734375
0 0.876953125 0.1787109375 0.00390625 0.009765625
0 0.2548828125 0.173828125 0.005859375 0.0078125
0 0.2666015625 0.1708984375 0.001953125 0.009765625
0 0.880859375 0.1630859375 0.00390625 0.005859375
0 0.2578125 0.16015625 0.015625 0.01171875
0 0.884765625 0.1484375 0.00390625 0.01171875
0 0.3203125 0.1416015625 0.0078125 0.009765625
0 0.341796875 0.12890625 0.00390625 0.0078125
0 0.8896484375 0.12890625 0.005859375 0.01953125
0 0.28125 0.125 0.0078125 0.01171875
0 0.86328125 0.1181640625 0.00390625 0.005859375
0 0.5205078125 0.119140625 0.005859375 0.01171875
0 0.896484375 0.09765625 0.00390625 0.0078125
0 0.8994140625 0.08203125 0.005859375 0.00390625
0 0.4130859375 0.09765625 0.033203125 0.03515625
0 0.876953125 0.099609375 0.01953125 0.046875
0 0.2724609375 0.0703125 0.005859375 0.00390625
0 0.9033203125 0.06640625 0.005859375 0.015625
0 0.8017578125 0.0732421875 0.017578125 0.033203125
0 0.30078125 0.0595703125 0.00390625 0.005859375
0 0.349609375 0.068359375 0.015625 0.02734375
