0 0.79296875 0.9677734375 0.00390625 0.005859375
0 0.7978515625 0.953125 0.001953125 0.0078125
0 0.8017578125 0.935546875 0.005859375 0.0078125
0 0.814453125 0.8095703125 0.00390625 0.009765625
0 0.818359375 0.7978515625 0.00390625 0.005859375
0 0.671875 0.8154296875 0.0625 0.048828125
0 0.822265625 0.7490234375 0.00390625 0.001953125
0 0.1484375 0.7529296875 0.00390625 0.013671875
0 0.224609375 0.744140625 0.015625 0.01953125
0 0.15234375 0.73828125 0.00390625 0.01171875
0 0.1572265625 0.712890625 0.005859375 0.01953125
0 0.3427734375 0.69921875 0.056640625 0.04296875
0 0.7119140625 0.6455078125 0.064453125 0.048828125
0 0.8310546875 0.5615234375 0.037109375 0.041015625
0 0.8056640625 0.53515625 0.017578125 0.0234375
0 0.380859375 0.521484375 0.0625 0.05078125
0 0.2236328125 0.458984375 0.001953125 0.00390625
0 0.8173828125 0.47265625 0.044921875 0.0546875
0 0.2275390625 0.43359375 0.001953125 0.0078125
0 0.2314453125 0.421875 0.001953125 0.00390625
0 0.69921875 0.408203125 0.01171875 0.015625
0 0.220703125 0.427734375 0.03515625 0.09375
0 0.87109375 0.365234375 0.00390625 0.00390625
0 0.2978515625 0.3603515625 0.009765625 0.013671875
0 0.87109375 0.349609375 0.00390625 0.0078125
0 0.3212890625 0.3486328125 0.005859375 0.009765625
0 0.2529296875 0.3466796875 0.009765625 0.009765625
0 0.521484375 0.3359375 0.0078125 0.015625
0 0.400390625 0.314453125 0.03515625 0.0390625
0 0.80859375 0.287109375 0.00390625 0.00390625
0 0.8056640625 0.28125 0.001953125 0.00390625
0 0.3310546875 0.2802734375 0.017578125 0.033203125
0 0.8388671875 0.279296875 0.021484375 0.05078125
0 0.2734375 0.2607421875 0.015625 0.029296875
0 0.83203125 0.24609375 0.00390625 0.00390625
0 0.826171875 0.2255859375 0.00390625 0.005859375
0 0.810546875 0.2041015625 0.00390625 0.005859375
0 0.8525390625 0.2177734375 0.041015625 0.048828125
0 0.83203125 0.19921875 0.015625 0.015625
0 0.8056640625 0.1943359375 0.009765625 0.005859375
0 0.28515625 0.201171875 0.015625 0.04296875
0 0.8671875 0.1591796875 0.03515625 0.033203125
0 0.267578125 0.1474609375 0.015625 0.064453125
0 0.728515625 0.1083984375 0.01171875 0.017578125
0 0.900390625 0.1005859375 0.0078125 0.005859375
0 0.884765625 0.09375 0.01171875 0.0078125
0 0.8525390625 0.0810546875 0.009765625 0.005859375
0 0.83984375 0.076171875 0.01171875 0.0078125
0 0.7861328125 0.076171875 0.017578125 0.01953125
0 0.7978515625 0.0576171875 0.001953125 0.005859375
0 0.5263671875 0.0234375 0.001953125 0.00390625
0 0.140625 0.0205078125 0.0078125 0.021484375
0 0.7421875 0.0341796875 0.10546875 0.052734375
0 0.666015625 0.0068359375 0.03515625 0.013671875
