0 0.2490234375 0.947265625 0.005859375 0.0078125
0 0.2783203125 0.9208984375 0.001953125 0.001953125
0 0.259765625 0.9169921875 0.02734375 0.017578125
0 0.64453125 0.88671875 0.03515625 0.0390625
0 0.5849609375 0.8759765625 0.052734375 0.037109375
0 0.484375 0.84375 0.00390625 0.0078125
0 0.6552734375 0.837890625 0.005859375 0.0078125
0 0.712890625 0.8359375 0.01171875 0.01171875
0 0.6728515625 0.8251953125 0.009765625 0.009765625
0 0.376953125 0.80859375 0.00390625 0.00390625
0 0.1396484375 0.8115234375 0.005859375 0.013671875
0 0.1416015625 0.794921875 0.001953125 0.0078125
0 0.14453125 0.78125 0.00390625 0.015625
0 0.2939453125 0.7744140625 0.048828125 0.033203125
0 0.146484375 0.7607421875 0.01171875 0.021484375
0 0.2294921875 0.7353515625 0.009765625 0.017578125
0 0.1474609375 0.6962890625 0.013671875 0.052734375
0 0.2705078125 0.6669921875 0.013671875 0.017578125
0 0.21484375 0.658203125 0.00390625 0.00390625
0 0.6787109375 0.4423828125 0.052734375 0.044921875
0 0.2783203125 0.369140625 0.013671875 0.01953125
0 0.3837890625 0.33203125 0.048828125 0.0390625
0 0.8505859375 0.279296875 0.001953125 0.00390625
0 0.712890625 0.2861328125 0.0546875 0.044921875
0 0.853515625 0.30078125 0.01953125 0.078125
0 0.837890625 0.3017578125 0.02734375 0.080078125
0 0.87109375 0.2177734375 0.00390625 0.005859375
0 0.8486328125 0.216796875 0.025390625 0.02734375
0 0.8134765625 0.208984375 0.021484375 0.0234375
0 0.8623046875 0.1953125 0.001953125 0.00390625
0 0.875 0.197265625 0.00390625 0.01171875
0 0.796875 0.1875 0.015625 0.01953125
0 0.87890625 0.1796875 0.0078125 0.015625
0 0.25 0.1806640625 0.015625 0.052734375
0 0.41796875 0.171875 0.0546875 0.04296875
0 0.884765625 0.150390625 0.00390625 0.0078125
0 0.888671875 0.134765625 0.00390625 0.0078125
0 0.8095703125 0.1328125 0.037109375 0.046875
0 0.26171875 0.1083984375 0.00390625 0.005859375
0 0.8955078125 0.1064453125 0.009765625 0.033203125
0 0.8994140625 0.083984375 0.005859375 0.0078125
0 0.267578125 0.0830078125 0.0078125 0.009765625
0 0.90234375 0.0693359375 0.00390625 0.009765625
0 0.703125 0.0703125 0.0078125 0.01171875
0 0.27734375 0.0869140625 0.0234375 0.076171875
