0 0.837890625 0.9345703125 0.01171875 0.005859375
0 0.8203125 0.93359375 0.0078125 0.00390625
0 0.619140625 0.9326171875 0.01171875 0.005859375
0 0.5947265625 0.9326171875 0.029296875 0.005859375
0 0.5478515625 0.9326171875 0.025390625 0.005859375
0 0.5302734375 0.93359375 0.005859375 0.0078125
0 0.5029296875 0.9326171875 0.005859375 0.005859375
0 0.478515625 0.9326171875 0.00390625 0.005859375
0 0.45703125 0.9306640625 0.00390625 0.005859375
0 0.4501953125 0.9306640625 0.005859375 0.005859375
0 0.4345703125 0.9306640625 0.009765625 0.005859375
0 0.40625 0.9306640625 0.02734375 0.005859375
0 0.205078125 0.9296875 0.00390625 0.00390625
0 0.86328125 0.9296875 0.00390625 0.0078125
0 0.134765625 0.9287109375 0.01953125 0.005859375
0 0.1650390625 0.9267578125 0.029296875 0.005859375
0 0.8642578125 0.9228515625 0.001953125 0.001953125
0 0.6953125 0.9248046875 0.046875 0.009765625
0 0.244140625 0.9228515625 0.01171875 0.005859375
0 0.7314453125 0.923828125 0.021484375 0.01171875
0 0.73046875 0.9072265625 0.0234375 0.005859375
0 0.2392578125 0.90625 0.001953125 0.00390625
0 0.111328125 0.9150390625 0.015625 0.021484375
0 0.69140625 0.90625 0.01171875 0.0078125
0 0.677734375 0.908203125 0.01171875 0.01171875
0 0.291015625 0.9013671875 0.04296875 0.005859375
0 0.8193359375 0.908203125 0.041015625 0.02734375
0 0.1748046875 0.9052734375 0.041015625 0.025390625
0 0.1025390625 0.8896484375 0.005859375 0.005859375
0 0.705078125 0.7578125 0.0703125 0.046875
0 0.306640625 0.7548828125 0.0703125 0.044921875
0 0.869140625 0.6865234375 0.015625 0.009765625
0 0.119140625 0.673828125 0.0078125 0.0078125
0 0.8623046875 0.671875 0.001953125 0.01171875
0 0.109375 0.6689453125 0.0078125 0.013671875
0 0.1220703125 0.642578125 0.001953125 0.00390625
0 0.8798828125 0.64453125 0.005859375 0.01171875
0 0.0888671875 0.6435546875 0.005859375 0.013671875
0 0.1201171875 0.6259765625 0.001953125 0.001953125
0 0.087890625 0.603515625 0.0078125 0.01171875
0 0.890625 0.6435546875 0.01171875 0.099609375
0 0.8720703125 0.6201171875 0.021484375 0.064453125
0 0.095703125 0.587890625 0.0078125 0.01171875
0 0.119140625 0.5869140625 0.0078125 0.013671875
0 0.1015625 0.6279296875 0.02734375 0.107421875
0 0.5712890625 0.55078125 0.009765625 0.01171875
0 0.423828125 0.55078125 0.0078125 0.01171875
0 0.7099609375 0.5478515625 0.068359375 0.041015625
0 0.3076171875 0.5400390625 0.068359375 0.037109375
0 0.7890625 0.537109375 0.0546875 0.0546875
0 0.2080078125 0.5224609375 0.048828125 0.048828125
0 0.79296875 0.46484375 0.0078125 0.01171875
0 0.2021484375 0.4453125 0.009765625 0.01171875
0 0.8125 0.44140625 0.01171875 0.01171875
0 0.8662109375 0.4423828125 0.017578125 0.021484375
0 0.134765625 0.42578125 0.01171875 0.015625
0 0.1728515625 0.4248046875 0.017578125 0.017578125
0 0.25390625 0.408203125 0.01953125 0.0234375
0 0.8955078125 0.3583984375 0.001953125 0.005859375
0 0.8974609375 0.33984375 0.005859375 0.01171875
0 0.90234375 0.171875 0.00390625 0.0078125
0 0.904296875 0.0712890625 0.00390625 0.009765625
0 0.904296875 0.0546875 0.00390625 0.01953125
