0 0.6826171875 0.9755859375 0.068359375 0.048828125
0 0.1005859375 0.9150390625 0.005859375 0.005859375
0 0.1875 0.90234375 0.015625 0.0234375
0 0.103515625 0.896484375 0.00390625 0.015625
0 0.107421875 0.880859375 0.00390625 0.00390625
0 0.109375 0.8701171875 0.00390625 0.005859375
0 0.1123046875 0.8603515625 0.005859375 0.009765625
0 0.318359375 0.8515625 0.0625 0.04296875
0 0.7255859375 0.7900390625 0.068359375 0.048828125
0 0.8525390625 0.6923828125 0.029296875 0.029296875
0 0.8310546875 0.6669921875 0.017578125 0.021484375
0 0.3603515625 0.658203125 0.068359375 0.0546875
0 0.8447265625 0.6005859375 0.048828125 0.052734375
0 0.1923828125 0.5478515625 0.001953125 0.001953125
0 0.1962890625 0.5283203125 0.001953125 0.001953125
0 0.71484375 0.529296875 0.0078125 0.01171875
0 0.1982421875 0.5205078125 0.001953125 0.001953125
0 0.1806640625 0.5537109375 0.037109375 0.099609375
0 0.2666015625 0.4794921875 0.009765625 0.013671875
0 0.2919921875 0.4658203125 0.009765625 0.009765625
0 0.21484375 0.4609375 0.01171875 0.01171875
0 0.5166015625 0.4501953125 0.005859375 0.009765625
0 0.380859375 0.4267578125 0.04296875 0.044921875
0 0.3037109375 0.3876953125 0.017578125 0.037109375
0 0.8681640625 0.384765625 0.021484375 0.046875
0 0.23828125 0.3681640625 0.015625 0.029296875
0 0.8828125 0.3017578125 0.00390625 0.001953125
0 0.2529296875 0.2998046875 0.017578125 0.044921875
0 0.9013671875 0.2509765625 0.041015625 0.029296875
0 0.2333984375 0.2353515625 0.013671875 0.056640625
0 0.748046875 0.1943359375 0.0078125 0.009765625
0 0.9189453125 0.1806640625 0.001953125 0.005859375
0 0.8134765625 0.162109375 0.013671875 0.015625
0 0.787109375 0.1259765625 0.015625 0.009765625
0 0.7724609375 0.12109375 0.009765625 0.0078125
0 0.087890625 0.09765625 0.00390625 0.0078125
0 0.7314453125 0.10546875 0.068359375 0.03125
0 0.69140625 0.0888671875 0.00390625 0.005859375
0 0.669921875 0.0771484375 0.01171875 0.009765625
0 0.6552734375 0.07421875 0.005859375 0.00390625
0 0.62109375 0.0595703125 0.0078125 0.005859375
0 0.60546875 0.0556640625 0.00390625 0.005859375
0 0.591796875 0.048828125 0.00390625 0.00390625
0 0.5751953125 0.041015625 0.009765625 0.0078125
0 0.5634765625 0.0361328125 0.005859375 0.005859375
0 0.54296875 0.0283203125 0.015625 0.009765625
0 0.53125 0.0244140625 0.00390625 0.005859375
0 0.51953125 0.01953125 0.015625 0.01171875
0 0.4970703125 0.01171875 0.001953125 0.00390625
0 0.482421875 0.00390625 0.0078125 0.0078125
0 0.4697265625 0.0009765625 0.005859375 0.001953125
0 0.375 0.02734375 0.05078125 0.0546875
