0 0.1708984375 0.93359375 0.005859375 0.0078125
0 0.1611328125 0.9326171875 0.005859375 0.009765625
0 0.5654296875 0.921875 0.029296875 0.01171875
0 0.1298828125 0.9208984375 0.052734375 0.025390625
0 0.15625 0.9111328125 0.02734375 0.021484375
0 0.1025390625 0.90234375 0.001953125 0.00390625
0 0.71484375 0.89453125 0.0390625 0.08984375
0 0.7373046875 0.8291015625 0.001953125 0.005859375
0 0.279296875 0.8388671875 0.05078125 0.048828125
0 0.7314453125 0.7900390625 0.005859375 0.013671875
0 0.734375 0.7783203125 0.00390625 0.005859375
0 0.666015625 0.794921875 0.04296875 0.0390625
0 0.736328125 0.76953125 0.00390625 0.0078125
0 0.751953125 0.7666015625 0.00390625 0.005859375
0 0.60546875 0.783203125 0.05078125 0.0390625
0 0.50390625 0.7509765625 0.0078125 0.009765625
0 0.6787109375 0.7431640625 0.005859375 0.009765625
0 0.7373046875 0.7451171875 0.013671875 0.017578125
0 0.7431640625 0.73046875 0.001953125 0.00390625
0 0.6962890625 0.7314453125 0.009765625 0.009765625
0 0.396484375 0.7138671875 0.00390625 0.009765625
0 0.154296875 0.7138671875 0.00390625 0.009765625
0 0.1572265625 0.697265625 0.005859375 0.01171875
0 0.7578125 0.6826171875 0.00390625 0.005859375
0 0.1591796875 0.681640625 0.001953125 0.0078125
0 0.7578125 0.673828125 0.00390625 0.00390625
0 0.3095703125 0.6796875 0.052734375 0.0390625
0 0.1640625 0.6630859375 0.00390625 0.005859375
0 0.1435546875 0.6982421875 0.033203125 0.091796875
0 0.779296875 0.6416015625 0.00390625 0.001953125
0 0.2392578125 0.640625 0.037109375 0.0390625
0 0.787109375 0.607421875 0.00390625 0.0078125
0 0.7890625 0.5986328125 0.00390625 0.005859375
0 0.24609375 0.5810546875 0.0078125 0.005859375
0 0.1591796875 0.6083984375 0.017578125 0.060546875
0 0.7939453125 0.5771484375 0.005859375 0.005859375
0 0.2880859375 0.568359375 0.013671875 0.01953125
0 0.798828125 0.5595703125 0.00390625 0.005859375
0 0.2255859375 0.5595703125 0.013671875 0.013671875
0 0.19921875 0.55078125 0.0078125 0.01171875
0 0.8056640625 0.5283203125 0.005859375 0.005859375
0 0.8076171875 0.515625 0.001953125 0.00390625
0 0.822265625 0.447265625 0.00390625 0.00390625
0 0.826171875 0.431640625 0.00390625 0.00390625
0 0.833984375 0.400390625 0.00390625 0.00390625
0 0.837890625 0.3828125 0.00390625 0.0078125
0 0.8408203125 0.3662109375 0.005859375 0.009765625
0 0.84375 0.3525390625 0.00390625 0.013671875
0 0.84765625 0.3359375 0.00390625 0.0078125
0 0.83203125 0.3369140625 0.00390625 0.009765625
0 0.701171875 0.33984375 0.05859375 0.046875
0 0.8525390625 0.3154296875 0.005859375 0.017578125
0 0.85546875 0.298828125 0.00390625 0.01171875
0 0.22265625 0.291015625 0.0078125 0.02734375
0 0.2265625 0.267578125 0.00390625 0.01171875
0 0.2958984375 0.2626953125 0.013671875 0.021484375
0 0.8173828125 0.21484375 0.001953125 0.00390625
0 0.8349609375 0.2119140625 0.017578125 0.013671875
0 0.4033203125 0.2255859375 0.052734375 0.041015625
0 0.240234375 0.2021484375 0.00390625 0.009765625
0 0.8486328125 0.1904296875 0.001953125 0.009765625
0 0.8310546875 0.1884765625 0.001953125 0.005859375
0 0.8251953125 0.189453125 0.001953125 0.0078125
0 0.7373046875 0.1806640625 0.060546875 0.048828125
0 0.8505859375 0.15234375 0.005859375 0.01171875
0 0.263671875 0.080078125 0.0078125 0.02734375
0 0.859375 0.1943359375 0.08984375 0.267578125
0 0.4365234375 0.0634765625 0.060546875 0.041015625
