0 0.119140625 0.9970703125 0.00390625 0.005859375
0 0.2001953125 0.8037109375 0.017578125 0.021484375
0 0.1162109375 0.80078125 0.005859375 0.015625
0 0.1162109375 0.7548828125 0.005859375 0.005859375
0 0.15625 0.7275390625 0.015625 0.044921875
0 0.3173828125 0.7080078125 0.064453125 0.037109375
0 0.7060546875 0.7099609375 0.072265625 0.044921875
0 0.8837890625 0.599609375 0.005859375 0.01171875
0 0.8837890625 0.5703125 0.005859375 0.0390625
0 0.7119140625 0.5244140625 0.005859375 0.001953125
0 0.109375 0.5302734375 0.01171875 0.025390625
0 0.712890625 0.505859375 0.0703125 0.04296875
0 0.318359375 0.5009765625 0.07421875 0.044921875
0 0.1318359375 0.4384765625 0.001953125 0.005859375
0 0.869140625 0.4677734375 0.01953125 0.103515625
0 0.1201171875 0.4580078125 0.025390625 0.103515625
0 0.1123046875 0.4130859375 0.005859375 0.013671875
0 0.87109375 0.3955078125 0.00390625 0.001953125
0 0.1904296875 0.35546875 0.013671875 0.01171875
0 0.13671875 0.35546875 0.01171875 0.01171875
0 0.818359375 0.3642578125 0.02734375 0.033203125
0 0.88671875 0.439453125 0.015625 0.2109375
0 0.7900390625 0.3466796875 0.017578125 0.025390625
0 0.212890625 0.3330078125 0.0078125 0.013671875
0 0.8583984375 0.349609375 0.037109375 0.0625
0 0.890625 0.3115234375 0.00390625 0.021484375
0 0.890625 0.2841796875 0.00390625 0.029296875
0 0.890625 0.259765625 0.00390625 0.01171875
0 0.791015625 0.271484375 0.05078125 0.05859375
0 0.6455078125 0.2470703125 0.009765625 0.013671875
0 0.1044921875 0.255859375 0.013671875 0.03125
0 0.29296875 0.26171875 0.04296875 0.046875
0 0.1396484375 0.2529296875 0.017578125 0.029296875
0 0.4296875 0.23828125 0.01171875 0.01171875
0 0.2080078125 0.251953125 0.017578125 0.0390625
0 0.10546875 0.205078125 0.01171875 0.01171875
0 0.1396484375 0.181640625 0.017578125 0.046875
0 0.87890625 0.1416015625 0.00390625 0.009765625
0 0.876953125 0.1240234375 0.00390625 0.005859375
0 0.880859375 0.099609375 0.00390625 0.00390625
0 0.1083984375 0.076171875 0.001953125 0.00390625
0 0.884765625 0.0546875 0.00390625 0.00390625
0 0.869140625 0.0546875 0.0234375 0.05859375
0 0.7705078125 0.0458984375 0.021484375 0.052734375
0 0.896484375 0.1123046875 0.01171875 0.224609375
0 0.107421875 0.001953125 0.00390625 0.00390625
