0 0.2060546875 0.9150390625 0.017578125 0.021484375
0 0.1259765625 0.873046875 0.005859375 0.0703125
0 0.3203125 0.8232421875 0.06640625 0.033203125
0 0.697265625 0.822265625 0.0703125 0.0390625
0 0.1220703125 0.6474609375 0.005859375 0.025390625
0 0.13671875 0.630859375 0.01171875 0.0078125
0 0.1220703125 0.6279296875 0.005859375 0.005859375
0 0.5986328125 0.6171875 0.001953125 0.00390625
0 0.1416015625 0.6181640625 0.001953125 0.005859375
0 0.7021484375 0.626953125 0.068359375 0.0390625
0 0.3212890625 0.623046875 0.072265625 0.0390625
0 0.126953125 0.59375 0.0078125 0.01171875
0 0.8642578125 0.591796875 0.037109375 0.1015625
0 0.12109375 0.54296875 0.00390625 0.0078125
0 0.1357421875 0.54296875 0.009765625 0.01953125
0 0.8759765625 0.4892578125 0.001953125 0.005859375
0 0.146484375 0.484375 0.0078125 0.00390625
0 0.197265625 0.486328125 0.0078125 0.01171875
0 0.8046875 0.4892578125 0.0234375 0.029296875
0 0.8466796875 0.4853515625 0.021484375 0.029296875
0 0.779296875 0.4716796875 0.015625 0.021484375
0 0.21875 0.4619140625 0.0078125 0.005859375
0 0.876953125 0.404296875 0.00390625 0.0078125
0 0.8779296875 0.3837890625 0.001953125 0.001953125
0 0.7802734375 0.4013671875 0.048828125 0.052734375
0 0.294921875 0.3935546875 0.04296875 0.041015625
0 0.1484375 0.38671875 0.015625 0.02734375
0 0.6376953125 0.37890625 0.009765625 0.015625
0 0.212890625 0.3857421875 0.015625 0.033203125
0 0.431640625 0.37109375 0.0078125 0.015625
0 0.1201171875 0.35546875 0.005859375 0.08203125
0 0.87890625 0.3076171875 0.00390625 0.021484375
0 0.1484375 0.3154296875 0.015625 0.044921875
0 0.8798828125 0.2734375 0.005859375 0.03515625
0 0.8486328125 0.2158203125 0.001953125 0.001953125
0 0.8818359375 0.232421875 0.005859375 0.0390625
0 0.8564453125 0.1875 0.021484375 0.05078125
0 0.7607421875 0.18359375 0.021484375 0.046875
0 0.8828125 0.1826171875 0.00390625 0.048828125
0 0.884765625 0.10546875 0.00390625 0.00390625
0 0.0966796875 0.095703125 0.013671875 0.01171875
0 0.884765625 0.0849609375 0.00390625 0.009765625
0 0.1123046875 0.083984375 0.013671875 0.0859375
0 0.60546875 0.0400390625 0.0078125 0.005859375
0 0.763671875 0.0419921875 0.0390625 0.029296875
0 0.8408203125 0.029296875 0.060546875 0.05859375
0 0.2099609375 0.0185546875 0.048828125 0.037109375
