0 0.873046875 0.904296875 0.00390625 0.01953125
0 0.2255859375 0.896484375 0.017578125 0.01953125
0 0.7099609375 0.8125 0.064453125 0.0390625
0 0.33984375 0.80859375 0.0625 0.03125
0 0.8759765625 0.626953125 0.005859375 0.0078125
0 0.716796875 0.619140625 0.06640625 0.0390625
0 0.1455078125 0.609375 0.005859375 0.01953125
0 0.888671875 0.61328125 0.01171875 0.0390625
0 0.341796875 0.611328125 0.0703125 0.0390625
0 0.8759765625 0.5888671875 0.001953125 0.005859375
0 0.14453125 0.5791015625 0.00390625 0.005859375
0 0.890625 0.578125 0.0078125 0.015625
0 0.14453125 0.5703125 0.00390625 0.0078125
0 0.8779296875 0.5556640625 0.001953125 0.005859375
0 0.890625 0.55078125 0.0078125 0.015625
0 0.8671875 0.583984375 0.015625 0.09765625
0 0.1591796875 0.5771484375 0.017578125 0.083984375
0 0.1630859375 0.5263671875 0.001953125 0.001953125
0 0.150390625 0.5361328125 0.015625 0.029296875
0 0.8564453125 0.4853515625 0.013671875 0.017578125
0 0.8203125 0.4853515625 0.01953125 0.025390625
0 0.1728515625 0.47265625 0.001953125 0.00390625
0 0.22265625 0.4716796875 0.0078125 0.009765625
0 0.794921875 0.4677734375 0.015625 0.017578125
0 0.2421875 0.451171875 0.0078125 0.00390625
0 0.8916015625 0.3974609375 0.005859375 0.044921875
0 0.794921875 0.3974609375 0.046875 0.048828125
0 0.65625 0.3720703125 0.00390625 0.009765625
0 0.3173828125 0.384765625 0.041015625 0.0390625
0 0.1728515625 0.3740234375 0.013671875 0.025390625
0 0.451171875 0.365234375 0.0078125 0.01171875
0 0.2373046875 0.3759765625 0.017578125 0.033203125
0 0.892578125 0.3583984375 0.00390625 0.017578125
0 0.173828125 0.306640625 0.015625 0.04296875
0 0.8720703125 0.1875 0.017578125 0.05078125
0 0.7783203125 0.1826171875 0.017578125 0.044921875
0 0.8984375 0.1572265625 0.00390625 0.001953125
0 0.9013671875 0.1259765625 0.005859375 0.017578125
0 0.900390625 0.1044921875 0.00390625 0.005859375
0 0.0771484375 0.10546875 0.005859375 0.0078125
0 0.9013671875 0.0927734375 0.005859375 0.009765625
0 0.90234375 0.08203125 0.00390625 0.00390625
0 0.90234375 0.0712890625 0.00390625 0.009765625
0 0.7822265625 0.0419921875 0.037109375 0.025390625
0 0.8515625 0.03125 0.05078125 0.0546875
0 0.23828125 0.0166015625 0.046875 0.033203125
