0 0.8173828125 0.6513671875 0.013671875 0.009765625
0 0.7138671875 0.650390625 0.013671875 0.0078125
0 0.1875 0.642578125 0.015625 0.0078125
0 0.0830078125 0.640625 0.017578125 0.0078125
0 0.7509765625 0.638671875 0.017578125 0.01171875
0 0.15234375 0.6298828125 0.015625 0.009765625
0 0.6923828125 0.626953125 0.009765625 0.0078125
0 0.21484375 0.619140625 0.015625 0.0078125
0 0.56640625 0.615234375 0.015625 0.01171875
0 0.595703125 0.609375 0.015625 0.0078125
0 0.2744140625 0.6083984375 0.037109375 0.005859375
0 0.5390625 0.6064453125 0.01171875 0.005859375
0 0.31640625 0.609375 0.0078125 0.01171875
0 0.220703125 0.607421875 0.06640625 0.0078125
0 0.3427734375 0.6044921875 0.013671875 0.005859375
0 0.375 0.6064453125 0.01953125 0.013671875
0 0.6826171875 0.6044921875 0.072265625 0.029296875
0 0.6513671875 0.5634765625 0.009765625 0.048828125
0 0.5498046875 0.5478515625 0.025390625 0.017578125
0 0.67578125 0.55859375 0.03515625 0.04296875
0 0.39453125 0.5439453125 0.0234375 0.017578125
0 0.6484375 0.53515625 0.00390625 0.00390625
0 0.2265625 0.5498046875 0.03515625 0.041015625
0 0.6513671875 0.521484375 0.005859375 0.00390625
0 0.65234375 0.5166015625 0.00390625 0.001953125
0 0.65234375 0.5048828125 0.0078125 0.009765625
0 0.720703125 0.5009765625 0.03515625 0.041015625
0 0.6142578125 0.5009765625 0.013671875 0.044921875
0 0.318359375 0.494140625 0.01171875 0.046875
0 0.7333984375 0.47265625 0.005859375 0.0078125
0 0.271484375 0.4912109375 0.0390625 0.044921875
0 0.1845703125 0.48828125 0.029296875 0.0390625
0 0.4404296875 0.46875 0.001953125 0.00390625
0 0.5498046875 0.4658203125 0.029296875 0.017578125
0 0.6513671875 0.45703125 0.001953125 0.0078125
0 0.58203125 0.4638671875 0.01953125 0.021484375
0 0.3955078125 0.4619140625 0.025390625 0.017578125
0 0.357421875 0.4580078125 0.01953125 0.017578125
0 0.5830078125 0.4375 0.001953125 0.00390625
0 0.5908203125 0.427734375 0.001953125 0.00390625
0 0.3564453125 0.427734375 0.001953125 0.00390625
0 0.6103515625 0.4267578125 0.005859375 0.005859375
0 0.6787109375 0.44140625 0.033203125 0.04296875
0 0.3310546875 0.4208984375 0.001953125 0.001953125
0 0.3447265625 0.419921875 0.005859375 0.0078125
0 0.2265625 0.4306640625 0.03515625 0.041015625
0 0.373046875 0.412109375 0.0078125 0.01171875
0 0.619140625 0.40234375 0.00390625 0.03515625
0 0.7470703125 0.384765625 0.005859375 0.00390625
0 0.189453125 0.3798828125 0.0234375 0.021484375
0 0.6552734375 0.40234375 0.009765625 0.07421875
0 0.7265625 0.39453125 0.04296875 0.06640625
0 0.271484375 0.3701171875 0.03515625 0.044921875
