0 0.775390625 0.9951171875 0.0078125 0.009765625
0 0.162109375 0.9951171875 0.01171875 0.009765625
0 0.8232421875 0.994140625 0.013671875 0.01171875
0 0.1962890625 0.9921875 0.013671875 0.015625
0 0.26953125 0.9814453125 0.015625 0.021484375
0 0.84765625 0.962890625 0.00390625 0.0078125
0 0.8505859375 0.8994140625 0.005859375 0.037109375
0 0.8583984375 0.6689453125 0.001953125 0.005859375
0 0.2080078125 0.6337890625 0.017578125 0.021484375
0 0.861328125 0.6162109375 0.00390625 0.005859375
0 0.861328125 0.6083984375 0.00390625 0.005859375
0 0.6953125 0.552734375 0.0703125 0.0390625
0 0.3212890625 0.5439453125 0.064453125 0.033203125
0 0.8671875 0.4697265625 0.00390625 0.005859375
0 0.8671875 0.4169921875 0.00390625 0.017578125
0 0.701171875 0.35546875 0.0703125 0.0390625
0 0.322265625 0.34375 0.0703125 0.0390625
0 0.142578125 0.294921875 0.0078125 0.0390625
0 0.8525390625 0.3212890625 0.017578125 0.103515625
0 0.1328125 0.3095703125 0.02734375 0.080078125
0 0.87109375 0.3203125 0.015625 0.12109375
0 0.130859375 0.255859375 0.0234375 0.01953125
0 0.8046875 0.2197265625 0.02734375 0.029296875
0 0.8740234375 0.220703125 0.005859375 0.046875
0 0.7783203125 0.2041015625 0.017578125 0.021484375
0 0.2021484375 0.201171875 0.009765625 0.015625
0 0.150390625 0.2001953125 0.01171875 0.013671875
0 0.84765625 0.2119140625 0.02734375 0.048828125
0 0.22265625 0.1787109375 0.0078125 0.005859375
0 0.126953125 0.1357421875 0.00390625 0.009765625
0 0.1259765625 0.1083984375 0.001953125 0.005859375
0 0.7802734375 0.1318359375 0.048828125 0.056640625
0 0.1572265625 0.1083984375 0.009765625 0.017578125
0 0.875 0.138671875 0.0078125 0.0859375
0 0.6396484375 0.103515625 0.009765625 0.015625
0 0.30078125 0.1123046875 0.04296875 0.041015625
0 0.4326171875 0.09375 0.009765625 0.015625
0 0.1533203125 0.095703125 0.013671875 0.01953125
0 0.2197265625 0.1015625 0.017578125 0.03515625
0 0.154296875 0.03125 0.01953125 0.046875
0 0.87890625 0.0302734375 0.0078125 0.060546875
