0 0.8603515625 0.9970703125 0.005859375 0.005859375
0 0.1669921875 0.9951171875 0.009765625 0.005859375
0 0.708984375 0.9912109375 0.00390625 0.001953125
0 0.7197265625 0.990234375 0.009765625 0.00390625
0 0.693359375 0.990234375 0.00390625 0.00390625
0 0.3017578125 0.9912109375 0.021484375 0.005859375
0 0.2412109375 0.9912109375 0.001953125 0.005859375
0 0.11328125 0.9921875 0.01171875 0.0078125
0 0.314453125 0.9873046875 0.00390625 0.001953125
0 0.2568359375 0.9873046875 0.005859375 0.001953125
0 0.7333984375 0.9912109375 0.013671875 0.013671875
0 0.283203125 0.9892578125 0.0078125 0.009765625
0 0.26953125 0.990234375 0.01171875 0.01171875
0 0.3134765625 0.9794921875 0.001953125 0.001953125
0 0.2412109375 0.9736328125 0.005859375 0.005859375
0 0.7021484375 0.9814453125 0.072265625 0.025390625
0 0.310546875 0.9716796875 0.0078125 0.005859375
0 0.275390625 0.9697265625 0.015625 0.005859375
0 0.81640625 0.9755859375 0.0390625 0.025390625
0 0.17578125 0.9736328125 0.04296875 0.025390625
0 0.10546875 0.96484375 0.0078125 0.0390625
0 0.703125 0.83203125 0.06640625 0.05078125
0 0.306640625 0.8291015625 0.06640625 0.052734375
0 0.86328125 0.7568359375 0.0078125 0.009765625
0 0.091796875 0.7548828125 0.00390625 0.017578125
0 0.1181640625 0.7431640625 0.005859375 0.001953125
0 0.10546875 0.724609375 0.01953125 0.05078125
0 0.12109375 0.69140625 0.00390625 0.01171875
0 0.8828125 0.71484375 0.0234375 0.10546875
0 0.0908203125 0.6728515625 0.005859375 0.021484375
0 0.8671875 0.6875 0.01953125 0.05859375
0 0.119140625 0.650390625 0.00390625 0.00390625
0 0.10546875 0.671875 0.01953125 0.05078125
0 0.5703125 0.6220703125 0.00390625 0.009765625
0 0.4248046875 0.623046875 0.009765625 0.01171875
0 0.7021484375 0.6044921875 0.001953125 0.001953125
0 0.7060546875 0.619140625 0.068359375 0.0390625
0 0.30859375 0.611328125 0.06640625 0.03515625
0 0.7861328125 0.607421875 0.052734375 0.05078125
0 0.2099609375 0.5966796875 0.048828125 0.048828125
0 0.7880859375 0.5361328125 0.009765625 0.009765625
0 0.203125 0.5166015625 0.0078125 0.005859375
0 0.8095703125 0.513671875 0.009765625 0.01171875
0 0.8623046875 0.5126953125 0.013671875 0.021484375
0 0.173828125 0.498046875 0.015625 0.015625
0 0.1357421875 0.49609375 0.009765625 0.01171875
0 0.2548828125 0.482421875 0.017578125 0.0234375
0 0.900390625 0.1845703125 0.00390625 0.009765625
0 0.900390625 0.1640625 0.00390625 0.0078125
0 0.900390625 0.12109375 0.00390625 0.00390625
0 0.189453125 0.080078125 0.00390625 0.00390625
0 0.1865234375 0.0908203125 0.017578125 0.025390625
0 0.72265625 0.0166015625 0.07421875 0.033203125
0 0.3115234375 0.0068359375 0.068359375 0.013671875
