0 0.75390625 0.931640625 0.00390625 0.00390625
0 0.7587890625 0.9169921875 0.005859375 0.009765625
0 0.76171875 0.9033203125 0.00390625 0.005859375
0 0.765625 0.884765625 0.00390625 0.00390625
0 0.6142578125 0.900390625 0.056640625 0.04296875
0 0.7763671875 0.8310546875 0.005859375 0.005859375
0 0.1962890625 0.833984375 0.013671875 0.01953125
0 0.779296875 0.81640625 0.00390625 0.0078125
0 0.12890625 0.8232421875 0.01171875 0.044921875
0 0.134765625 0.7939453125 0.00390625 0.005859375
0 0.306640625 0.7939453125 0.0546875 0.037109375
0 0.7919921875 0.734375 0.001953125 0.00390625
0 0.6494140625 0.7431640625 0.056640625 0.041015625
0 0.7861328125 0.7587890625 0.041015625 0.091796875
0 0.8056640625 0.705078125 0.005859375 0.0078125
0 0.810546875 0.6845703125 0.00390625 0.005859375
0 0.8125 0.67578125 0.00390625 0.0078125
0 0.787109375 0.671875 0.015625 0.015625
0 0.7998046875 0.6630859375 0.001953125 0.001953125
0 0.7548828125 0.6591796875 0.021484375 0.025390625
0 0.8203125 0.640625 0.00390625 0.01171875
0 0.736328125 0.638671875 0.015625 0.01953125
0 0.8251953125 0.6220703125 0.005859375 0.013671875
0 0.169921875 0.61328125 0.00390625 0.00390625
0 0.3408203125 0.6318359375 0.056640625 0.044921875
0 0.828125 0.60546875 0.00390625 0.0078125
0 0.8310546875 0.591796875 0.005859375 0.0078125
0 0.8359375 0.57421875 0.00390625 0.0078125
0 0.1943359375 0.5703125 0.001953125 0.00390625
0 0.75 0.5830078125 0.0390625 0.044921875
0 0.1962890625 0.5576171875 0.001953125 0.001953125
0 0.1982421875 0.548828125 0.001953125 0.0078125
0 0.83984375 0.5517578125 0.0078125 0.021484375
0 0.1845703125 0.5556640625 0.017578125 0.060546875
0 0.6396484375 0.5224609375 0.005859375 0.009765625
0 0.1904296875 0.513671875 0.005859375 0.0078125
0 0.849609375 0.513671875 0.0078125 0.0234375
0 0.201171875 0.5068359375 0.01171875 0.013671875
0 0.853515625 0.4892578125 0.00390625 0.005859375
0 0.2626953125 0.48046875 0.009765625 0.0078125
0 0.857421875 0.47265625 0.00390625 0.0078125
0 0.28515625 0.46875 0.00390625 0.00390625
0 0.2216796875 0.466796875 0.005859375 0.0078125
0 0.861328125 0.458984375 0.00390625 0.00390625
0 0.4716796875 0.45703125 0.005859375 0.0078125
0 0.865234375 0.443359375 0.0078125 0.01953125
0 0.8681640625 0.4267578125 0.005859375 0.005859375
0 0.3603515625 0.4365234375 0.033203125 0.037109375
0 0.873046875 0.4111328125 0.00390625 0.005859375
0 0.84375 0.4306640625 0.0234375 0.044921875
0 0.2939453125 0.40625 0.017578125 0.03125
0 0.2412109375 0.3955078125 0.009765625 0.009765625
0 0.876953125 0.3916015625 0.00390625 0.005859375
0 0.767578125 0.400390625 0.015625 0.0390625
0 0.240234375 0.3818359375 0.01171875 0.009765625
0 0.8798828125 0.373046875 0.001953125 0.00390625
0 0.8857421875 0.349609375 0.009765625 0.03515625
0 0.251953125 0.33203125 0.015625 0.03515625
0 0.8916015625 0.3173828125 0.005859375 0.009765625
0 0.896484375 0.3017578125 0.00390625 0.005859375
0 0.79296875 0.2890625 0.03125 0.02734375
0 0.8623046875 0.298828125 0.064453125 0.05078125
0 0.892578125 0.2646484375 0.01171875 0.009765625
0 0.2353515625 0.283203125 0.009765625 0.046875
0 0.2412109375 0.2509765625 0.005859375 0.013671875
0 0.6669921875 0.2421875 0.005859375 0.00390625
0 0.720703125 0.2138671875 0.0078125 0.009765625
0 0.701171875 0.1865234375 0.00390625 0.005859375
0 0.69140625 0.1845703125 0.01171875 0.009765625
0 0.6552734375 0.1689453125 0.048828125 0.025390625
0 0.12109375 0.1630859375 0.01171875 0.021484375
0 0.6162109375 0.15234375 0.001953125 0.00390625
0 0.599609375 0.1474609375 0.0078125 0.005859375
0 0.587890625 0.1416015625 0.0078125 0.005859375
0 0.576171875 0.1376953125 0.0078125 0.005859375
0 0.5634765625 0.1318359375 0.001953125 0.005859375
0 0.537109375 0.1220703125 0.00390625 0.005859375
0 0.5234375 0.1171875 0.0078125 0.0078125
0 0.509765625 0.111328125 0.00390625 0.00390625
0 0.49609375 0.1064453125 0.00390625 0.005859375
0 0.482421875 0.1005859375 0.00390625 0.005859375
0 0.46875 0.095703125 0.01171875 0.0078125
0 0.4521484375 0.0888671875 0.017578125 0.009765625
0 0.4375 0.0830078125 0.0078125 0.005859375
0 0.353515625 0.1025390625 0.04296875 0.048828125
0 0.4130859375 0.0751953125 0.005859375 0.005859375
0 0.3896484375 0.064453125 0.029296875 0.015625
0 0.28125 0.0595703125 0.00390625 0.005859375
0 0.3525390625 0.05078125 0.001953125 0.00390625
0 0.28515625 0.0390625 0.0078125 0.015625
