0 0.7158203125 0.9990234375 0.005859375 0.001953125
0 0.6953125 0.9990234375 0.015625 0.001953125
0 0.6767578125 0.998046875 0.009765625 0.00390625
0 0.7431640625 0.99609375 0.005859375 0.0078125
0 0.1083984375 0.994140625 0.001953125 0.01171875
0 0.7080078125 0.984375 0.072265625 0.015625
0 0.177734375 0.9873046875 0.03515625 0.021484375
0 0.8232421875 0.984375 0.037109375 0.02734375
0 0.1044921875 0.947265625 0.005859375 0.0078125
0 0.8828125 0.916015625 0.00390625 0.00390625
0 0.30859375 0.84375 0.06640625 0.0546875
0 0.7080078125 0.8408203125 0.068359375 0.052734375
0 0.8916015625 0.7705078125 0.005859375 0.005859375
0 0.8876953125 0.763671875 0.001953125 0.00390625
0 0.8701171875 0.76171875 0.013671875 0.0078125
0 0.111328125 0.7568359375 0.0078125 0.005859375
0 0.890625 0.744140625 0.0078125 0.0078125
0 0.091796875 0.7373046875 0.00390625 0.005859375
0 0.1044921875 0.728515625 0.017578125 0.01953125
0 0.8935546875 0.7236328125 0.009765625 0.029296875
0 0.8818359375 0.7041015625 0.005859375 0.009765625
0 0.087890625 0.7041015625 0.00390625 0.009765625
0 0.8935546875 0.6962890625 0.009765625 0.017578125
0 0.103515625 0.6884765625 0.01953125 0.037109375
0 0.1220703125 0.712890625 0.005859375 0.09375
0 0.8759765625 0.6845703125 0.025390625 0.044921875
0 0.0966796875 0.6640625 0.001953125 0.00390625
0 0.1005859375 0.6484375 0.005859375 0.0234375
0 0.4248046875 0.6328125 0.005859375 0.00390625
0 0.5703125 0.6298828125 0.00390625 0.009765625
0 0.306640625 0.6240234375 0.06640625 0.033203125
0 0.724609375 0.625 0.04296875 0.0390625
0 0.693359375 0.6259765625 0.03515625 0.041015625
0 0.7900390625 0.61328125 0.052734375 0.05078125
0 0.208984375 0.607421875 0.046875 0.046875
0 0.79296875 0.5419921875 0.00390625 0.009765625
0 0.201171875 0.5302734375 0.00390625 0.009765625
0 0.8125 0.51953125 0.01171875 0.01171875
0 0.8671875 0.515625 0.015625 0.015625
0 0.134765625 0.5107421875 0.01171875 0.005859375
0 0.1708984375 0.509765625 0.013671875 0.015625
0 0.251953125 0.494140625 0.01953125 0.0234375
0 0.09765625 0.40234375 0.0078125 0.08203125
0 0.900390625 0.2900390625 0.00390625 0.005859375
0 0.189453125 0.0966796875 0.00390625 0.005859375
0 0.1826171875 0.099609375 0.021484375 0.0234375
0 0.09375 0.1162109375 0.0078125 0.087890625
0 0.7197265625 0.017578125 0.076171875 0.03515625
0 0.3076171875 0.0107421875 0.072265625 0.021484375
