0 0.103515625 0.951171875 0.0078125 0.06640625
0 0.30859375 0.912109375 0.06640625 0.03515625
0 0.7041015625 0.91015625 0.072265625 0.0390625
0 0.1015625 0.7197265625 0.00390625 0.009765625
0 0.7109375 0.7021484375 0.0703125 0.037109375
0 0.3076171875 0.6982421875 0.072265625 0.041015625
0 0.8818359375 0.6728515625 0.005859375 0.033203125
0 0.8857421875 0.6435546875 0.009765625 0.017578125
0 0.873046875 0.662109375 0.01953125 0.1015625
0 0.111328125 0.66015625 0.01953125 0.1015625
0 0.859375 0.5615234375 0.01171875 0.017578125
0 0.177734375 0.5517578125 0.00390625 0.005859375
0 0.818359375 0.5595703125 0.0234375 0.025390625
0 0.7919921875 0.5419921875 0.013671875 0.021484375
0 0.1318359375 0.4619140625 0.005859375 0.009765625
0 0.79296875 0.4677734375 0.046875 0.052734375
0 0.283203125 0.4619140625 0.04296875 0.041015625
0 0.130859375 0.443359375 0.00390625 0.00390625
0 0.123046875 0.4521484375 0.0078125 0.021484375
0 0.1953125 0.453125 0.015625 0.02734375
0 0.642578125 0.4423828125 0.0078125 0.009765625
0 0.42578125 0.4365234375 0.0078125 0.009765625
0 0.0966796875 0.4052734375 0.009765625 0.072265625
0 0.126953125 0.3779296875 0.01953125 0.041015625
0 0.873046875 0.240234375 0.01953125 0.0546875
0 0.7724609375 0.2353515625 0.017578125 0.048828125
0 0.90625 0.0986328125 0.00390625 0.005859375
0 0.091796875 0.1220703125 0.0078125 0.072265625
0 0.775390625 0.087890625 0.0390625 0.02734375
0 0.853515625 0.0732421875 0.05078125 0.060546875
0 0.89453125 0.03125 0.0078125 0.01171875
0 0.1923828125 0.0556640625 0.052734375 0.060546875
0 0.861328125 0.0146484375 0.00390625 0.005859375
0 0.873046875 0.0126953125 0.0078125 0.009765625
0 0.8427734375 0.0107421875 0.005859375 0.005859375
0 0.830078125 0.0107421875 0.0078125 0.005859375
0 0.658203125 0.0087890625 0.0078125 0.005859375
0 0.6337890625 0.0048828125 0.037109375 0.009765625
0 0.4287109375 0.0029296875 0.056640625 0.005859375
0 0.09375 0.0048828125 0.00390625 0.009765625
