0 0.693359375 0.923828125 0.015625 0.01171875
0 0.67578125 0.9189453125 0.0078125 0.005859375
0 0.638671875 0.9052734375 0.0078125 0.005859375
0 0.625 0.9013671875 0.0078125 0.005859375
0 0.6142578125 0.8974609375 0.005859375 0.005859375
0 0.6669921875 0.900390625 0.037109375 0.03515625
0 0.5859375 0.8857421875 0.0390625 0.017578125
0 0.5380859375 0.8720703125 0.005859375 0.005859375
0 0.5556640625 0.8720703125 0.017578125 0.013671875
0 0.5234375 0.8662109375 0.0078125 0.005859375
0 0.501953125 0.8583984375 0.00390625 0.005859375
0 0.48828125 0.853515625 0.00390625 0.00390625
0 0.4755859375 0.849609375 0.005859375 0.00390625
0 0.4609375 0.84375 0.01171875 0.0078125
0 0.451171875 0.8408203125 0.00390625 0.005859375
0 0.4130859375 0.828125 0.005859375 0.00390625
0 0.732421875 0.8212890625 0.00390625 0.005859375
0 0.3974609375 0.822265625 0.009765625 0.0078125
0 0.384765625 0.818359375 0.0078125 0.0078125
0 0.376953125 0.8154296875 0.00390625 0.005859375
0 0.3505859375 0.8056640625 0.005859375 0.005859375
0 0.3388671875 0.80078125 0.005859375 0.00390625
0 0.32421875 0.7958984375 0.0078125 0.005859375
0 0.310546875 0.791015625 0.0078125 0.0078125
0 0.2978515625 0.787109375 0.009765625 0.0078125
0 0.2841796875 0.7822265625 0.009765625 0.005859375
0 0.2734375 0.779296875 0.00390625 0.00390625
0 0.7314453125 0.771484375 0.001953125 0.00390625
0 0.2626953125 0.7724609375 0.005859375 0.005859375
0 0.2490234375 0.765625 0.021484375 0.01171875
0 0.2294921875 0.759765625 0.009765625 0.0078125
0 0.255859375 0.7529296875 0.00390625 0.001953125
0 0.216796875 0.755859375 0.01171875 0.0078125
0 0.7138671875 0.751953125 0.001953125 0.0078125
0 0.2236328125 0.7421875 0.017578125 0.0078125
0 0.2099609375 0.7412109375 0.005859375 0.009765625
0 0.173828125 0.7431640625 0.0625 0.025390625
0 0.1396484375 0.732421875 0.001953125 0.00390625
0 0.6015625 0.7490234375 0.0546875 0.044921875
0 0.1103515625 0.7197265625 0.013671875 0.009765625
0 0.16015625 0.71875 0.03125 0.01953125
0 0.1044921875 0.7080078125 0.001953125 0.001953125
0 0.751953125 0.701171875 0.04296875 0.08984375
0 0.287109375 0.6357421875 0.0546875 0.041015625
0 0.7705078125 0.5888671875 0.005859375 0.025390625
0 0.7001953125 0.59765625 0.044921875 0.04296875
0 0.775390625 0.568359375 0.00390625 0.0078125
0 0.63671875 0.583984375 0.0546875 0.04296875
0 0.5283203125 0.548828125 0.005859375 0.0078125
0 0.7109375 0.5419921875 0.0078125 0.013671875
0 0.7744140625 0.5390625 0.017578125 0.02734375
0 0.732421875 0.5283203125 0.0078125 0.013671875
0 0.15234375 0.5224609375 0.00390625 0.005859375
0 0.15625 0.5146484375 0.00390625 0.005859375
0 0.4111328125 0.5087890625 0.005859375 0.005859375
0 0.1611328125 0.482421875 0.001953125 0.00390625
0 0.7939453125 0.48046875 0.001953125 0.0078125
0 0.7958984375 0.46875 0.005859375 0.01171875
0 0.8134765625 0.4609375 0.001953125 0.00390625
0 0.1650390625 0.4638671875 0.005859375 0.009765625
0 0.322265625 0.470703125 0.0546875 0.04296875
0 0.1689453125 0.4501953125 0.001953125 0.005859375
0 0.146484375 0.4814453125 0.03515625 0.083984375
0 0.8193359375 0.435546875 0.005859375 0.0078125
0 0.8037109375 0.43359375 0.001953125 0.00390625
0 0.8212890625 0.423828125 0.005859375 0.00390625
0 0.248046875 0.427734375 0.0390625 0.04296875
0 0.826171875 0.4052734375 0.00390625 0.001953125
0 0.1591796875 0.41015625 0.013671875 0.0546875
0 0.833984375 0.37109375 0.0078125 0.01953125
0 0.25390625 0.3642578125 0.0078125 0.009765625
0 0.2998046875 0.3505859375 0.013671875 0.021484375
0 0.83984375 0.3388671875 0.00390625 0.005859375
0 0.234375 0.341796875 0.015625 0.015625
0 0.205078125 0.3310546875 0.0078125 0.009765625
0 0.84765625 0.3056640625 0.00390625 0.001953125
0 0.85546875 0.2724609375 0.0078125 0.017578125
0 0.859375 0.2548828125 0.00390625 0.013671875
0 0.86328125 0.2353515625 0.00390625 0.009765625
0 0.8671875 0.2158203125 0.00390625 0.009765625
0 0.87109375 0.2021484375 0.00390625 0.005859375
0 0.8740234375 0.18359375 0.005859375 0.015625
0 0.8779296875 0.1669921875 0.005859375 0.013671875
0 0.869140625 0.1494140625 0.00390625 0.005859375
0 0.8818359375 0.1513671875 0.005859375 0.013671875
0 0.869140625 0.138671875 0.00390625 0.00390625
0 0.88671875 0.130859375 0.00390625 0.0078125
0 0.8935546875 0.1005859375 0.009765625 0.029296875
0 0.73828125 0.111328125 0.0625 0.05078125
0 0.8798828125 0.0947265625 0.021484375 0.072265625
0 0.9013671875 0.0625 0.005859375 0.01171875
0 0.2275390625 0.0654296875 0.009765625 0.037109375
