0 0.3046875 0.9384765625 0.00390625 0.005859375
0 0.4697265625 0.9384765625 0.029296875 0.013671875
0 0.2998046875 0.9228515625 0.001953125 0.001953125
0 0.2958984375 0.8994140625 0.001953125 0.001953125
0 0.2841796875 0.927734375 0.021484375 0.1015625
0 0.787109375 0.857421875 0.0078125 0.015625
0 0.765625 0.8369140625 0.0546875 0.044921875
0 0.263671875 0.83203125 0.015625 0.05859375
0 0.34765625 0.8115234375 0.0390625 0.041015625
0 0.87109375 0.775390625 0.00390625 0.00390625
0 0.4267578125 0.7958984375 0.052734375 0.044921875
0 0.865234375 0.7666015625 0.00390625 0.005859375
0 0.515625 0.767578125 0.0078125 0.0078125
0 0.873046875 0.7607421875 0.00390625 0.001953125
0 0.2763671875 0.7607421875 0.005859375 0.009765625
0 0.3291015625 0.755859375 0.005859375 0.0078125
0 0.3046875 0.7490234375 0.01171875 0.013671875
0 0.62890625 0.720703125 0.00390625 0.0078125
0 0.3623046875 0.712890625 0.013671875 0.01953125
0 0.7333984375 0.6787109375 0.056640625 0.044921875
0 0.87890625 0.6953125 0.0390625 0.09375
0 0.79296875 0.6435546875 0.04296875 0.044921875
0 0.87109375 0.6123046875 0.00390625 0.005859375
0 0.8662109375 0.5927734375 0.005859375 0.009765625
0 0.7841796875 0.5908203125 0.005859375 0.009765625
0 0.86328125 0.578125 0.00390625 0.0078125
0 0.7939453125 0.56640625 0.009765625 0.01171875
0 0.857421875 0.5458984375 0.00390625 0.005859375
0 0.837890625 0.546875 0.01171875 0.015625
0 0.8525390625 0.5224609375 0.009765625 0.033203125
0 0.8486328125 0.498046875 0.005859375 0.01171875
0 0.8427734375 0.46875 0.001953125 0.00390625
0 0.1865234375 0.498046875 0.017578125 0.0625
0 0.2451171875 0.435546875 0.013671875 0.01953125
0 0.322265625 0.3251953125 0.0546875 0.041015625
0 0.791015625 0.197265625 0.0078125 0.0234375
0 0.1337890625 0.1904296875 0.001953125 0.009765625
0 0.6396484375 0.20703125 0.060546875 0.046875
0 0.1318359375 0.1826171875 0.001953125 0.001953125
0 0.126953125 0.1962890625 0.0234375 0.048828125
0 0.1279296875 0.1669921875 0.001953125 0.001953125
0 0.1240234375 0.1474609375 0.001953125 0.001953125
0 0.78515625 0.1640625 0.01171875 0.0390625
0 0.1220703125 0.140625 0.001953125 0.0078125
0 0.7802734375 0.1357421875 0.001953125 0.001953125
0 0.1162109375 0.1337890625 0.005859375 0.005859375
0 0.287109375 0.1513671875 0.05859375 0.044921875
0 0.77734375 0.1220703125 0.00390625 0.005859375
0 0.103515625 0.1357421875 0.01171875 0.037109375
0 0.1171875 0.0908203125 0.0078125 0.009765625
0 0.1591796875 0.0732421875 0.005859375 0.009765625
0 0.7705078125 0.0869140625 0.013671875 0.044921875
0 0.171875 0.0478515625 0.00390625 0.009765625
0 0.76171875 0.044921875 0.0078125 0.03125
0 0.607421875 0.0390625 0.0625 0.04296875
