0 0.548828125 0.93359375 0.0078125 0.0078125
0 0.5634765625 0.9287109375 0.009765625 0.005859375
0 0.5869140625 0.9189453125 0.005859375 0.005859375
0 0.28515625 0.9130859375 0.00390625 0.001953125
0 0.599609375 0.9140625 0.0078125 0.0078125
0 0.607421875 0.9111328125 0.00390625 0.005859375
0 0.6123046875 0.908203125 0.001953125 0.00390625
0 0.625 0.904296875 0.0078125 0.0078125
0 0.6337890625 0.900390625 0.005859375 0.0078125
0 0.2822265625 0.9033203125 0.005859375 0.013671875
0 0.6474609375 0.8955078125 0.005859375 0.005859375
0 0.6591796875 0.890625 0.009765625 0.0078125
0 0.6708984375 0.8876953125 0.005859375 0.005859375
0 0.6865234375 0.8837890625 0.001953125 0.001953125
0 0.6787109375 0.8828125 0.001953125 0.00390625
0 0.69140625 0.8798828125 0.00390625 0.005859375
0 0.7119140625 0.8720703125 0.005859375 0.005859375
0 0.73046875 0.8642578125 0.00390625 0.005859375
0 0.75 0.8466796875 0.00390625 0.001953125
0 0.7626953125 0.8427734375 0.005859375 0.001953125
0 0.7734375 0.837890625 0.00390625 0.00390625
0 0.78515625 0.8330078125 0.00390625 0.001953125
0 0.275390625 0.8291015625 0.00390625 0.001953125
0 0.28125 0.8271484375 0.00390625 0.001953125
0 0.4306640625 0.8388671875 0.052734375 0.048828125
0 0.8056640625 0.8349609375 0.154296875 0.068359375
0 0.8759765625 0.7958984375 0.001953125 0.001953125
0 0.2724609375 0.7939453125 0.001953125 0.001953125
0 0.88671875 0.79296875 0.00390625 0.0078125
0 0.841796875 0.798828125 0.03125 0.0234375
0 0.2685546875 0.7802734375 0.001953125 0.001953125
0 0.2685546875 0.7734375 0.001953125 0.00390625
0 0.2578125 0.806640625 0.02734375 0.09765625
0 0.8779296875 0.740234375 0.009765625 0.0234375
0 0.73046875 0.7177734375 0.05078125 0.044921875
0 0.240234375 0.720703125 0.015625 0.05078125
0 0.3193359375 0.69140625 0.037109375 0.0390625
0 0.86328125 0.6630859375 0.00390625 0.005859375
0 0.396484375 0.677734375 0.0546875 0.0390625
0 0.833984375 0.6572265625 0.00390625 0.001953125
0 0.84765625 0.65234375 0.00390625 0.00390625
0 0.8291015625 0.65234375 0.001953125 0.00390625
0 0.8369140625 0.6455078125 0.001953125 0.001953125
0 0.484375 0.6484375 0.00390625 0.0078125
0 0.2509765625 0.6416015625 0.009765625 0.009765625
0 0.3037109375 0.6376953125 0.005859375 0.005859375
0 0.857421875 0.6318359375 0.00390625 0.005859375
0 0.279296875 0.6318359375 0.01171875 0.013671875
0 0.59375 0.60546875 0.0078125 0.0078125
0 0.3330078125 0.59375 0.013671875 0.01953125
0 0.6982421875 0.5634765625 0.052734375 0.041015625
0 0.841796875 0.578125 0.0390625 0.08984375
0 0.7578125 0.5283203125 0.04296875 0.044921875
0 0.833984375 0.50390625 0.00390625 0.00390625
0 0.830078125 0.4873046875 0.00390625 0.009765625
0 0.7451171875 0.4755859375 0.009765625 0.009765625
0 0.828125 0.47265625 0.00390625 0.0078125
0 0.7587890625 0.451171875 0.005859375 0.01171875
0 0.7978515625 0.4345703125 0.013671875 0.017578125
0 0.818359375 0.4267578125 0.0078125 0.013671875
0 0.814453125 0.4111328125 0.00390625 0.001953125
0 0.171875 0.4189453125 0.0078125 0.017578125
0 0.8115234375 0.3916015625 0.005859375 0.013671875
0 0.1650390625 0.3896484375 0.009765625 0.037109375
0 0.80859375 0.3671875 0.00390625 0.00390625
0 0.8056640625 0.35546875 0.005859375 0.01171875
0 0.802734375 0.3388671875 0.00390625 0.005859375
0 0.22265625 0.326171875 0.0078125 0.0078125
0 0.2158203125 0.3203125 0.009765625 0.015625
0 0.79296875 0.2880859375 0.00390625 0.005859375
0 0.7890625 0.2744140625 0.00390625 0.005859375
0 0.783203125 0.23828125 0.00390625 0.01171875
0 0.296875 0.2138671875 0.05078125 0.041015625
0 0.7705078125 0.1748046875 0.001953125 0.001953125
0 0.7607421875 0.1220703125 0.001953125 0.001953125
0 0.6064453125 0.1015625 0.060546875 0.046875
0 0.0888671875 0.080078125 0.001953125 0.00390625
0 0.0869140625 0.0703125 0.001953125 0.00390625
0 0.0849609375 0.0625 0.001953125 0.00390625
0 0.1103515625 0.0791015625 0.013671875 0.056640625
0 0.751953125 0.078125 0.015625 0.06640625
0 0.0869140625 0.0498046875 0.005859375 0.017578125
0 0.259765625 0.052734375 0.0546875 0.02734375
