0 0.5087890625 0.97265625 0.017578125 0.0078125
0 0.3212890625 0.966796875 0.001953125 0.00390625
0 0.3173828125 0.9482421875 0.001953125 0.001953125
0 0.3037109375 0.966796875 0.021484375 0.06640625
0 0.3134765625 0.9287109375 0.001953125 0.001953125
0 0.3017578125 0.9189453125 0.017578125 0.021484375
0 0.287109375 0.8876953125 0.00390625 0.005859375
0 0.845703125 0.88671875 0.0078125 0.01171875
0 0.8173828125 0.8642578125 0.060546875 0.052734375
0 0.279296875 0.8564453125 0.015625 0.052734375
0 0.3720703125 0.837890625 0.044921875 0.05078125
0 0.4541015625 0.8203125 0.060546875 0.046875
0 0.5517578125 0.7890625 0.009765625 0.015625
0 0.2939453125 0.7822265625 0.009765625 0.013671875
0 0.3505859375 0.77734375 0.009765625 0.015625
0 0.3232421875 0.76953125 0.017578125 0.01953125
0 0.671875 0.7412109375 0.0078125 0.009765625
0 0.38671875 0.73046875 0.015625 0.01953125
0 0.78515625 0.693359375 0.0625 0.0546875
0 0.84765625 0.6591796875 0.05078125 0.056640625
0 0.837890625 0.599609375 0.01171875 0.015625
0 0.8505859375 0.572265625 0.013671875 0.01171875
0 0.205078125 0.529296875 0.00390625 0.01171875
0 0.884765625 0.5146484375 0.00390625 0.005859375
0 0.19921875 0.5048828125 0.01171875 0.033203125
0 0.193359375 0.48046875 0.0078125 0.01171875
0 0.87109375 0.474609375 0.00390625 0.00390625
0 0.8642578125 0.46875 0.001953125 0.00390625
0 0.19140625 0.4658203125 0.00390625 0.005859375
0 0.8857421875 0.4765625 0.017578125 0.046875
0 0.8798828125 0.44921875 0.001953125 0.00390625
0 0.2666015625 0.43359375 0.001953125 0.0078125
0 0.8662109375 0.42578125 0.005859375 0.0078125
0 0.259765625 0.43359375 0.01171875 0.0234375
0 0.8623046875 0.3935546875 0.001953125 0.001953125
0 0.8916015625 0.404296875 0.013671875 0.05078125
0 0.3447265625 0.3134765625 0.060546875 0.044921875
0 0.8759765625 0.3203125 0.021484375 0.109375
0 0.8642578125 0.2529296875 0.005859375 0.017578125
0 0.861328125 0.2373046875 0.00390625 0.009765625
0 0.857421875 0.2216796875 0.0078125 0.017578125
0 0.8544921875 0.2021484375 0.005859375 0.017578125
0 0.1416015625 0.1708984375 0.001953125 0.001953125
0 0.685546875 0.1884765625 0.06640625 0.052734375
0 0.138671875 0.16015625 0.00390625 0.01171875
0 0.134765625 0.14453125 0.00390625 0.01171875
0 0.1328125 0.1298828125 0.00390625 0.013671875
0 0.1279296875 0.1123046875 0.005859375 0.013671875
0 0.1279296875 0.154296875 0.041015625 0.09765625
0 0.3046875 0.1259765625 0.06640625 0.052734375
0 0.1064453125 0.09765625 0.005859375 0.01171875
0 0.1025390625 0.0791015625 0.005859375 0.005859375
0 0.12109375 0.05859375 0.01171875 0.01171875
0 0.1689453125 0.041015625 0.009765625 0.015625
0 0.798828125 0.0244140625 0.00390625 0.005859375
0 0.8037109375 0.0146484375 0.001953125 0.005859375
0 0.1826171875 0.013671875 0.005859375 0.01171875
0 0.8330078125 0.0947265625 0.041015625 0.189453125
0 0.6513671875 0.0146484375 0.064453125 0.029296875
0 0.431640625 0.001953125 0.00390625 0.00390625
