0 0.158203125 0.9267578125 0.0078125 0.009765625
0 0.248046875 0.9111328125 0.00390625 0.005859375
0 0.173828125 0.912109375 0.00390625 0.01171875
0 0.17578125 0.89453125 0.00390625 0.015625
0 0.1796875 0.876953125 0.00390625 0.01171875
0 0.36328125 0.875 0.0546875 0.0390625
0 0.7275390625 0.8193359375 0.060546875 0.044921875
0 0.837890625 0.732421875 0.015625 0.03125
0 0.8203125 0.708984375 0.015625 0.01953125
0 0.3994140625 0.7021484375 0.060546875 0.048828125
0 0.2333984375 0.6494140625 0.017578125 0.013671875
0 0.833984375 0.6494140625 0.04296875 0.048828125
0 0.2314453125 0.6240234375 0.005859375 0.009765625
0 0.71875 0.5859375 0.0078125 0.01171875
0 0.24609375 0.58203125 0.0234375 0.03125
0 0.0810546875 0.5654296875 0.005859375 0.005859375
0 0.318359375 0.5419921875 0.0078125 0.009765625
0 0.3408203125 0.53125 0.005859375 0.0078125
0 0.2724609375 0.5283203125 0.009765625 0.005859375
0 0.5390625 0.5185546875 0.0078125 0.013671875
0 0.419921875 0.4970703125 0.03515625 0.037109375
0 0.3505859375 0.4638671875 0.017578125 0.029296875
0 0.85546875 0.4560546875 0.01953125 0.044921875
0 0.29296875 0.4453125 0.01171875 0.02734375
0 0.869140625 0.3828125 0.00390625 0.00390625
0 0.306640625 0.384765625 0.015625 0.03515625
0 0.8818359375 0.3369140625 0.029296875 0.021484375
0 0.2890625 0.328125 0.01171875 0.03515625
0 0.294921875 0.298828125 0.00390625 0.01171875
0 0.75 0.2880859375 0.0078125 0.009765625
0 0.8984375 0.2734375 0.00390625 0.00390625
0 0.8876953125 0.2685546875 0.009765625 0.009765625
0 0.806640625 0.2587890625 0.0078125 0.009765625
0 0.7998046875 0.2529296875 0.001953125 0.001953125
0 0.7861328125 0.2275390625 0.001953125 0.001953125
0 0.771484375 0.2236328125 0.0078125 0.005859375
0 0.7607421875 0.2177734375 0.005859375 0.005859375
0 0.7314453125 0.2080078125 0.048828125 0.021484375
0 0.7021484375 0.1962890625 0.005859375 0.005859375
0 0.162109375 0.193359375 0.0078125 0.01953125
0 0.666015625 0.181640625 0.01171875 0.0078125
0 0.6357421875 0.1689453125 0.005859375 0.005859375
0 0.6240234375 0.1650390625 0.005859375 0.005859375
0 0.5595703125 0.138671875 0.005859375 0.00390625
0 0.552734375 0.13671875 0.00390625 0.00390625
0 0.5419921875 0.1318359375 0.009765625 0.005859375
0 0.5244140625 0.1259765625 0.005859375 0.005859375
0 0.5107421875 0.12109375 0.001953125 0.00390625
0 0.4169921875 0.1396484375 0.044921875 0.048828125
0 0.49609375 0.1142578125 0.00390625 0.005859375
0 0.4892578125 0.111328125 0.005859375 0.00390625
0 0.453125 0.0986328125 0.03515625 0.017578125
0 0.3408203125 0.076171875 0.001953125 0.00390625
0 0.4013671875 0.0751953125 0.001953125 0.005859375
0 0.34375 0.0673828125 0.00390625 0.009765625
