0 0.7080078125 0.923828125 0.009765625 0.015625
0 0.6904296875 0.8974609375 0.064453125 0.041015625
0 0.3173828125 0.9052734375 0.060546875 0.056640625
0 0.8427734375 0.83203125 0.013671875 0.01171875
0 0.119140625 0.830078125 0.01171875 0.015625
0 0.1396484375 0.8232421875 0.005859375 0.005859375
0 0.8388671875 0.806640625 0.001953125 0.0078125
0 0.130859375 0.8037109375 0.015625 0.041015625
0 0.8525390625 0.7939453125 0.033203125 0.107421875
0 0.1298828125 0.75390625 0.013671875 0.04296875
0 0.427734375 0.7080078125 0.0078125 0.009765625
0 0.5654296875 0.70703125 0.005859375 0.01171875
0 0.693359375 0.7041015625 0.06640625 0.037109375
0 0.318359375 0.69921875 0.0625 0.03515625
0 0.7685546875 0.6923828125 0.048828125 0.048828125
0 0.2265625 0.68359375 0.046875 0.046875
0 0.76953125 0.6259765625 0.0078125 0.009765625
0 0.220703125 0.611328125 0.0078125 0.0078125
0 0.791015625 0.6044921875 0.0078125 0.009765625
0 0.8408203125 0.6044921875 0.013671875 0.021484375
0 0.1572265625 0.591796875 0.009765625 0.0078125
0 0.1923828125 0.5927734375 0.013671875 0.017578125
0 0.2666015625 0.578125 0.017578125 0.0234375
0 0.875 0.2880859375 0.00390625 0.005859375
0 0.205078125 0.2099609375 0.015625 0.021484375
0 0.708984375 0.1328125 0.0703125 0.046875
0 0.322265625 0.1201171875 0.06640625 0.041015625
0 0.8828125 0.083984375 0.00390625 0.01953125
0 0.8828125 0.0595703125 0.00390625 0.017578125
0 0.8837890625 0.0185546875 0.005859375 0.037109375
