0 0.6982421875 0.927734375 0.009765625 0.01171875
0 0.6845703125 0.923828125 0.009765625 0.0078125
0 0.634765625 0.90625 0.00390625 0.00390625
0 0.623046875 0.90234375 0.0078125 0.00390625
0 0.611328125 0.8984375 0.00390625 0.00390625
0 0.6650390625 0.90625 0.044921875 0.03515625
0 0.5419921875 0.8759765625 0.005859375 0.005859375
0 0.578125 0.8837890625 0.05859375 0.025390625
0 0.52734375 0.8701171875 0.01953125 0.009765625
0 0.4951171875 0.8583984375 0.005859375 0.005859375
0 0.4775390625 0.8525390625 0.017578125 0.009765625
0 0.458984375 0.845703125 0.00390625 0.00390625
0 0.4482421875 0.841796875 0.009765625 0.0078125
0 0.4306640625 0.8359375 0.001953125 0.00390625
0 0.4208984375 0.83203125 0.005859375 0.00390625
0 0.7333984375 0.8271484375 0.001953125 0.001953125
0 0.4072265625 0.8271484375 0.005859375 0.005859375
0 0.3955078125 0.8232421875 0.005859375 0.005859375
0 0.34375 0.8056640625 0.0859375 0.033203125
0 0.2919921875 0.787109375 0.009765625 0.00390625
0 0.275390625 0.7802734375 0.01953125 0.009765625
0 0.25390625 0.7705078125 0.01953125 0.013671875
0 0.2060546875 0.7626953125 0.005859375 0.001953125
0 0.2275390625 0.7607421875 0.021484375 0.013671875
0 0.2529296875 0.751953125 0.009765625 0.0078125
0 0.2353515625 0.7470703125 0.009765625 0.001953125
0 0.2236328125 0.744140625 0.009765625 0.00390625
0 0.21484375 0.7412109375 0.00390625 0.001953125
0 0.20703125 0.7421875 0.00390625 0.0078125
0 0.1796875 0.74609375 0.0703125 0.02734375
0 0.6025390625 0.75 0.056640625 0.04296875
0 0.13671875 0.732421875 0.01171875 0.0078125
0 0.1591796875 0.724609375 0.001953125 0.00390625
0 0.1708984375 0.72265625 0.001953125 0.0078125
0 0.1513671875 0.716796875 0.005859375 0.00390625
0 0.10546875 0.720703125 0.015625 0.01171875
0 0.759765625 0.71875 0.01953125 0.0546875
0 0.7705078125 0.6787109375 0.009765625 0.017578125
0 0.74609375 0.7041015625 0.0234375 0.076171875
0 0.7568359375 0.662109375 0.009765625 0.0078125
0 0.287109375 0.6337890625 0.0546875 0.041015625
0 0.701171875 0.59765625 0.04296875 0.046875
0 0.6376953125 0.583984375 0.052734375 0.046875
0 0.5263671875 0.546875 0.005859375 0.0078125
0 0.712890625 0.5419921875 0.0078125 0.009765625
0 0.7763671875 0.5419921875 0.013671875 0.017578125
0 0.734375 0.52734375 0.0078125 0.0078125
0 0.146484375 0.517578125 0.015625 0.01171875
0 0.412109375 0.5068359375 0.00390625 0.005859375
0 0.1533203125 0.505859375 0.001953125 0.00390625
0 0.1533203125 0.498046875 0.001953125 0.0078125
0 0.1572265625 0.4853515625 0.001953125 0.005859375
0 0.1416015625 0.4921875 0.013671875 0.01953125
0 0.162109375 0.4609375 0.00390625 0.0078125
0 0.146484375 0.46484375 0.01171875 0.015625
0 0.3212890625 0.4677734375 0.052734375 0.041015625
0 0.1650390625 0.4501953125 0.005859375 0.009765625
0 0.15625 0.4423828125 0.00390625 0.005859375
0 0.828125 0.4091796875 0.00390625 0.005859375
0 0.244140625 0.42578125 0.0390625 0.0390625
0 0.158203125 0.400390625 0.015625 0.0546875
0 0.251953125 0.36328125 0.00390625 0.0078125
0 0.2978515625 0.34765625 0.013671875 0.01953125
0 0.2314453125 0.3388671875 0.013671875 0.013671875
0 0.201171875 0.328125 0.0078125 0.0078125
0 0.8515625 0.3056640625 0.00390625 0.005859375
0 0.8681640625 0.2333984375 0.005859375 0.009765625
0 0.87109375 0.21875 0.00390625 0.00390625
0 0.875 0.201171875 0.00390625 0.0078125
0 0.87890625 0.1826171875 0.00390625 0.005859375
0 0.8857421875 0.1474609375 0.001953125 0.005859375
0 0.8935546875 0.111328125 0.005859375 0.0234375
0 0.8974609375 0.091796875 0.005859375 0.01171875
0 0.740234375 0.10546875 0.0625 0.0546875
0 0.9013671875 0.0751953125 0.005859375 0.005859375
0 0.9052734375 0.0576171875 0.001953125 0.001953125
0 0.8896484375 0.0634765625 0.005859375 0.013671875
0 0.2265625 0.056640625 0.0078125 0.015625
