0 0.2041015625 0.9208984375 0.001953125 0.001953125
0 0.2080078125 0.9169921875 0.001953125 0.001953125
0 0.2099609375 0.9130859375 0.001953125 0.001953125
0 0.2021484375 0.908203125 0.013671875 0.0078125
0 0.12109375 0.8759765625 0.0078125 0.068359375
0 0.3173828125 0.82421875 0.064453125 0.03125
0 0.6962890625 0.8232421875 0.068359375 0.037109375
0 0.8740234375 0.6337890625 0.001953125 0.005859375
0 0.125 0.6279296875 0.00390625 0.005859375
0 0.7021484375 0.625 0.068359375 0.0390625
0 0.318359375 0.6220703125 0.0703125 0.037109375
0 0.1162109375 0.62109375 0.009765625 0.06640625
0 0.875 0.5673828125 0.00390625 0.009765625
0 0.115234375 0.564453125 0.00390625 0.0078125
0 0.875 0.552734375 0.00390625 0.0078125
0 0.1337890625 0.5888671875 0.005859375 0.083984375
0 0.8564453125 0.5859375 0.017578125 0.09765625
0 0.1259765625 0.5361328125 0.005859375 0.005859375
0 0.1162109375 0.5361328125 0.005859375 0.005859375
0 0.1328125 0.53515625 0.00390625 0.0078125
0 0.845703125 0.4873046875 0.01171875 0.017578125
0 0.1943359375 0.4814453125 0.005859375 0.005859375
0 0.8056640625 0.4873046875 0.021484375 0.029296875
0 0.7802734375 0.46875 0.013671875 0.0234375
0 0.21484375 0.458984375 0.00390625 0.00390625
0 0.1455078125 0.3916015625 0.009765625 0.005859375
0 0.7822265625 0.3984375 0.044921875 0.05078125
0 0.2919921875 0.3916015625 0.041015625 0.041015625
0 0.2080078125 0.3837890625 0.013671875 0.029296875
0 0.142578125 0.3779296875 0.015625 0.017578125
0 0.6376953125 0.3720703125 0.005859375 0.009765625
0 0.42578125 0.365234375 0.0078125 0.01171875
0 0.1142578125 0.3603515625 0.005859375 0.060546875
0 0.1142578125 0.322265625 0.005859375 0.01171875
0 0.11328125 0.3125 0.00390625 0.00390625
0 0.142578125 0.3115234375 0.015625 0.044921875
0 0.884765625 0.205078125 0.00390625 0.00390625
0 0.884765625 0.1708984375 0.00390625 0.005859375
0 0.857421875 0.1826171875 0.015625 0.052734375
0 0.7607421875 0.1796875 0.017578125 0.046875
0 0.884765625 0.146484375 0.00390625 0.015625
0 0.88671875 0.1171875 0.00390625 0.015625
0 0.88671875 0.09375 0.00390625 0.00390625
0 0.88671875 0.0869140625 0.00390625 0.005859375
0 0.1103515625 0.076171875 0.009765625 0.07421875
0 0.7646484375 0.0341796875 0.037109375 0.025390625
0 0.8359375 0.0234375 0.05078125 0.046875
0 0.20703125 0.015625 0.046875 0.03125
