0 0.814453125 0.998046875 0.00390625 0.00390625
0 0.150390625 0.9384765625 0.00390625 0.005859375
0 0.1220703125 0.9208984375 0.005859375 0.005859375
0 0.134765625 0.943359375 0.02734375 0.11328125
0 0.84765625 0.9384765625 0.03125 0.111328125
0 0.12890625 0.8857421875 0.00390625 0.005859375
0 0.4296875 0.859375 0.0078125 0.01171875
0 0.5654296875 0.8544921875 0.005859375 0.009765625
0 0.1298828125 0.8623046875 0.005859375 0.029296875
0 0.3203125 0.8525390625 0.06640625 0.037109375
0 0.6923828125 0.849609375 0.064453125 0.03515625
0 0.7666015625 0.837890625 0.048828125 0.046875
0 0.2294921875 0.837890625 0.048828125 0.046875
0 0.8447265625 0.8046875 0.001953125 0.00390625
0 0.76953125 0.7724609375 0.0078125 0.009765625
0 0.224609375 0.7666015625 0.0078125 0.009765625
0 0.787109375 0.7509765625 0.01171875 0.009765625
0 0.1611328125 0.75 0.009765625 0.01171875
0 0.1953125 0.748046875 0.015625 0.015625
0 0.8369140625 0.7490234375 0.017578125 0.021484375
0 0.26953125 0.7333984375 0.015625 0.025390625
0 0.126953125 0.630859375 0.00390625 0.07421875
0 0.1240234375 0.396484375 0.005859375 0.0234375
0 0.205078125 0.375 0.015625 0.0234375
0 0.1240234375 0.36328125 0.005859375 0.03515625
0 0.1240234375 0.3349609375 0.005859375 0.005859375
0 0.703125 0.2890625 0.0703125 0.04296875
0 0.3212890625 0.2822265625 0.064453125 0.037109375
0 0.875 0.2607421875 0.00390625 0.009765625
0 0.875 0.21875 0.00390625 0.01171875
0 0.876953125 0.181640625 0.00390625 0.0078125
0 0.876953125 0.1669921875 0.00390625 0.017578125
0 0.876953125 0.146484375 0.00390625 0.0078125
0 0.8779296875 0.1298828125 0.005859375 0.021484375
0 0.1201171875 0.1123046875 0.009765625 0.064453125
0 0.134765625 0.076171875 0.01171875 0.01171875
0 0.12109375 0.0712890625 0.01171875 0.013671875
0 0.70703125 0.0849609375 0.07421875 0.044921875
0 0.322265625 0.07421875 0.0703125 0.046875
0 0.87109375 0.05859375 0.03515625 0.1171875
0 0.1376953125 0.0205078125 0.005859375 0.041015625
