0 0.828125 0.9990234375 0.0078125 0.001953125
0 0.2705078125 0.9921875 0.017578125 0.015625
0 0.1298828125 0.8759765625 0.005859375 0.072265625
0 0.205078125 0.6474609375 0.01953125 0.021484375
0 0.1259765625 0.6328125 0.005859375 0.0625
0 0.125 0.5927734375 0.00390625 0.005859375
0 0.7109375 0.560546875 0.0390625 0.03515625
0 0.3203125 0.556640625 0.0625 0.03125
0 0.6796875 0.560546875 0.03515625 0.04296875
0 0.8623046875 0.3681640625 0.001953125 0.005859375
0 0.1220703125 0.3798828125 0.009765625 0.052734375
0 0.7021484375 0.361328125 0.068359375 0.0390625
0 0.3203125 0.353515625 0.06640625 0.0390625
0 0.873046875 0.328125 0.00390625 0.03125
0 0.873046875 0.3046875 0.00390625 0.0078125
0 0.8642578125 0.306640625 0.001953125 0.01171875
0 0.134765625 0.326171875 0.015625 0.07421875
0 0.1318359375 0.2841796875 0.005859375 0.005859375
0 0.8564453125 0.32421875 0.017578125 0.1015625
0 0.134765625 0.2705078125 0.01171875 0.017578125
0 0.12109375 0.265625 0.0078125 0.01171875
0 0.841796875 0.2236328125 0.015625 0.017578125
0 0.8037109375 0.2236328125 0.021484375 0.029296875
0 0.19921875 0.2138671875 0.0078125 0.009765625
0 0.1455078125 0.2119140625 0.005859375 0.009765625
0 0.779296875 0.2080078125 0.01171875 0.021484375
0 0.21875 0.19140625 0.00390625 0.01171875
0 0.7802734375 0.1357421875 0.044921875 0.056640625
0 0.63671875 0.1103515625 0.01171875 0.013671875
0 0.2958984375 0.1220703125 0.041015625 0.041015625
0 0.1494140625 0.11328125 0.017578125 0.02734375
0 0.4287109375 0.1015625 0.009765625 0.01171875
0 0.212890625 0.111328125 0.015625 0.03515625
0 0.12109375 0.1005859375 0.0078125 0.080078125
0 0.87890625 0.044921875 0.00390625 0.015625
0 0.1474609375 0.0419921875 0.017578125 0.041015625
