0 0.8681640625 0.986328125 0.005859375 0.02734375
0 0.875 0.79296875 0.00390625 0.01171875
0 0.876953125 0.7744140625 0.00390625 0.005859375
0 0.876953125 0.76171875 0.00390625 0.0078125
0 0.232421875 0.7685546875 0.015625 0.021484375
0 0.876953125 0.744140625 0.00390625 0.0078125
0 0.7158203125 0.685546875 0.068359375 0.0390625
0 0.345703125 0.6796875 0.0625 0.03125
0 0.1689453125 0.4814453125 0.005859375 0.005859375
0 0.720703125 0.4921875 0.06640625 0.0390625
0 0.34765625 0.4814453125 0.0703125 0.041015625
0 0.1708984375 0.4501953125 0.001953125 0.005859375
0 0.1552734375 0.4677734375 0.017578125 0.041015625
0 0.1708984375 0.4423828125 0.001953125 0.005859375
0 0.8818359375 0.4287109375 0.001953125 0.005859375
0 0.1552734375 0.427734375 0.017578125 0.03515625
0 0.888671875 0.48046875 0.015625 0.1484375
0 0.8720703125 0.45703125 0.017578125 0.1015625
0 0.1689453125 0.4091796875 0.005859375 0.009765625
0 0.166015625 0.3935546875 0.01171875 0.009765625
0 0.1513671875 0.392578125 0.009765625 0.01171875
0 0.822265625 0.3583984375 0.0234375 0.029296875
0 0.8642578125 0.3544921875 0.021484375 0.033203125
0 0.2265625 0.3408203125 0.0078125 0.009765625
0 0.17578125 0.3408203125 0.0078125 0.009765625
0 0.892578125 0.337890625 0.00390625 0.0078125
0 0.7978515625 0.33984375 0.017578125 0.0234375
0 0.248046875 0.3203125 0.0078125 0.01171875
0 0.892578125 0.3154296875 0.00390625 0.021484375
0 0.892578125 0.2978515625 0.00390625 0.001953125
0 0.798828125 0.2705078125 0.05078125 0.052734375
0 0.15234375 0.2431640625 0.00390625 0.001953125
0 0.66015625 0.244140625 0.01171875 0.01171875
0 0.3251953125 0.2548828125 0.041015625 0.041015625
0 0.1796875 0.2451171875 0.015625 0.029296875
0 0.89453125 0.259765625 0.0078125 0.06640625
0 0.455078125 0.234375 0.0078125 0.015625
0 0.2451171875 0.2431640625 0.017578125 0.037109375
0 0.896484375 0.203125 0.00390625 0.02734375
0 0.1806640625 0.1767578125 0.017578125 0.044921875
0 0.865234375 0.0869140625 0.00390625 0.005859375
0 0.8994140625 0.1220703125 0.009765625 0.119140625
0 0.8896484375 0.064453125 0.001953125 0.00390625
0 0.8740234375 0.0595703125 0.021484375 0.052734375
0 0.78125 0.0546875 0.01953125 0.046875
0 0.90234375 0.029296875 0.0078125 0.05859375
