0 0.8525390625 0.9814453125 0.005859375 0.037109375
0 0.7109375 0.9306640625 0.0078125 0.017578125
0 0.310546875 0.9287109375 0.0078125 0.021484375
0 0.689453125 0.90234375 0.06640625 0.0390625
0 0.31640625 0.8994140625 0.06640625 0.033203125
0 0.8388671875 0.87890625 0.001953125 0.00390625
0 0.8232421875 0.87890625 0.001953125 0.00390625
0 0.126953125 0.82421875 0.02734375 0.05859375
0 0.8505859375 0.794921875 0.033203125 0.11328125
0 0.126953125 0.76171875 0.02734375 0.05078125
0 0.5654296875 0.7099609375 0.005859375 0.009765625
0 0.42578125 0.712890625 0.0078125 0.015625
0 0.6953125 0.708984375 0.0625 0.0390625
0 0.318359375 0.7041015625 0.06640625 0.037109375
0 0.76953125 0.6962890625 0.05078125 0.052734375
0 0.2236328125 0.6875 0.048828125 0.05078125
0 0.7705078125 0.6318359375 0.005859375 0.009765625
0 0.216796875 0.6142578125 0.0078125 0.009765625
0 0.7900390625 0.6103515625 0.009765625 0.009765625
0 0.841796875 0.6083984375 0.015625 0.017578125
0 0.154296875 0.5966796875 0.01171875 0.009765625
0 0.1904296875 0.5947265625 0.017578125 0.017578125
0 0.2666015625 0.5810546875 0.017578125 0.021484375
0 0.8671875 0.5498046875 0.00390625 0.013671875
0 0.8701171875 0.4892578125 0.005859375 0.009765625
0 0.87109375 0.4599609375 0.00390625 0.001953125
0 0.873046875 0.4345703125 0.00390625 0.005859375
0 0.873046875 0.4140625 0.00390625 0.00390625
0 0.8759765625 0.3154296875 0.001953125 0.005859375
0 0.875 0.287109375 0.00390625 0.015625
0 0.8779296875 0.2373046875 0.005859375 0.017578125
0 0.876953125 0.2255859375 0.00390625 0.001953125
0 0.2021484375 0.2119140625 0.017578125 0.025390625
0 0.880859375 0.13671875 0.00390625 0.0234375
0 0.7080078125 0.1376953125 0.072265625 0.044921875
0 0.3203125 0.1201171875 0.06640625 0.037109375
0 0.8828125 0.08984375 0.0078125 0.0625
0 0.8837890625 0.046875 0.005859375 0.01171875
0 0.8662109375 0.0087890625 0.009765625 0.013671875
0 0.8837890625 0.017578125 0.005859375 0.03515625
