0 0.837890625 0.86328125 0.00390625 0.00390625
0 0.8564453125 0.8623046875 0.005859375 0.005859375
0 0.8642578125 0.859375 0.001953125 0.00390625
0 0.7392578125 0.853515625 0.005859375 0.0078125
0 0.8759765625 0.84765625 0.001953125 0.00390625
0 0.69921875 0.849609375 0.0546875 0.015625
0 0.1142578125 0.8466796875 0.021484375 0.021484375
0 0.6728515625 0.8359375 0.005859375 0.0078125
0 0.240234375 0.8349609375 0.00390625 0.005859375
0 0.3046875 0.8310546875 0.0078125 0.001953125
0 0.294921875 0.8310546875 0.00390625 0.001953125
0 0.2861328125 0.8310546875 0.005859375 0.001953125
0 0.2607421875 0.8310546875 0.021484375 0.001953125
0 0.2451171875 0.8310546875 0.001953125 0.001953125
0 0.8212890625 0.8369140625 0.037109375 0.025390625
0 0.17578125 0.8310546875 0.0390625 0.021484375
0 0.705078125 0.685546875 0.06640625 0.0390625
0 0.3076171875 0.6767578125 0.068359375 0.037109375
0 0.8681640625 0.6083984375 0.013671875 0.021484375
0 0.091796875 0.5986328125 0.00390625 0.009765625
0 0.109375 0.580078125 0.02734375 0.04296875
0 0.123046875 0.5283203125 0.00390625 0.005859375
0 0.8671875 0.548828125 0.01171875 0.0625
0 0.8857421875 0.56640625 0.021484375 0.1015625
0 0.1025390625 0.537109375 0.029296875 0.046875
0 0.123046875 0.5126953125 0.00390625 0.009765625
0 0.091796875 0.5078125 0.00390625 0.0078125
0 0.103515625 0.50390625 0.015625 0.015625
0 0.5703125 0.474609375 0.00390625 0.00390625
0 0.42578125 0.474609375 0.00390625 0.00390625
0 0.7099609375 0.4755859375 0.068359375 0.041015625
0 0.30859375 0.4658203125 0.06640625 0.037109375
0 0.791015625 0.462890625 0.05078125 0.05078125
0 0.2099609375 0.44921875 0.048828125 0.046875
0 0.791015625 0.39453125 0.0078125 0.01171875
0 0.2041015625 0.3701171875 0.005859375 0.009765625
0 0.8125 0.369140625 0.01171875 0.01171875
0 0.865234375 0.3701171875 0.015625 0.017578125
0 0.1748046875 0.3505859375 0.017578125 0.017578125
0 0.13671875 0.349609375 0.01171875 0.015625
0 0.2548828125 0.333984375 0.017578125 0.0234375
