0 0.1923828125 0.6962890625 0.029296875 0.009765625
0 0.0478515625 0.6943359375 0.025390625 0.009765625
0 0.916015625 0.6875 0.01953125 0.01171875
0 0.1435546875 0.67578125 0.017578125 0.0078125
0 0.830078125 0.6689453125 0.015625 0.009765625
0 0.228515625 0.66015625 0.0234375 0.0078125
0 0.1025390625 0.6591796875 0.021484375 0.009765625
0 0.0888671875 0.6572265625 0.001953125 0.005859375
0 0.3984375 0.6513671875 0.01171875 0.005859375
0 0.330078125 0.6513671875 0.0078125 0.009765625
0 0.6015625 0.642578125 0.00390625 0.00390625
0 0.3623046875 0.64453125 0.017578125 0.0078125
0 0.6748046875 0.64453125 0.017578125 0.01171875
0 0.2158203125 0.642578125 0.169921875 0.0078125
0 0.7763671875 0.6357421875 0.060546875 0.037109375
0 0.13671875 0.5908203125 0.00390625 0.001953125
0 0.748046875 0.5869140625 0.00390625 0.013671875
0 0.7490234375 0.5771484375 0.001953125 0.001953125
0 0.6162109375 0.5712890625 0.033203125 0.021484375
0 0.42578125 0.568359375 0.03125 0.01953125
0 0.802734375 0.580078125 0.04296875 0.05078125
0 0.75 0.5615234375 0.00390625 0.021484375
0 0.240234375 0.5703125 0.04296875 0.05078125
0 0.1181640625 0.548828125 0.005859375 0.0078125
0 0.7490234375 0.5458984375 0.001953125 0.005859375
0 0.1328125 0.548828125 0.015625 0.01171875
0 0.697265625 0.51171875 0.015625 0.0546875
0 0.7587890625 0.5068359375 0.021484375 0.052734375
0 0.330078125 0.5078125 0.01171875 0.0546875
0 0.4814453125 0.4716796875 0.001953125 0.001953125
0 0.2900390625 0.4951171875 0.021484375 0.052734375
0 0.1826171875 0.494140625 0.044921875 0.05078125
0 0.6181640625 0.4697265625 0.033203125 0.021484375
0 0.42578125 0.4677734375 0.03125 0.021484375
0 0.65625 0.46484375 0.02734375 0.02734375
0 0.37890625 0.4619140625 0.0234375 0.025390625
0 0.30078125 0.4443359375 0.00390625 0.005859375
0 0.1298828125 0.439453125 0.009765625 0.0078125
0 0.1376953125 0.435546875 0.005859375 0.0078125
0 0.65625 0.431640625 0.00390625 0.00390625
0 0.1435546875 0.4267578125 0.001953125 0.005859375
0 0.3759765625 0.423828125 0.001953125 0.00390625
0 0.30078125 0.427734375 0.00390625 0.01171875
0 0.66796875 0.4208984375 0.00390625 0.005859375
0 0.6923828125 0.419921875 0.009765625 0.0078125
0 0.7509765625 0.416015625 0.001953125 0.0078125
0 0.361328125 0.416015625 0.0078125 0.0078125
0 0.34375 0.4150390625 0.00390625 0.005859375
0 0.8076171875 0.431640625 0.044921875 0.05078125
0 0.2998046875 0.4111328125 0.001953125 0.017578125
0 0.3994140625 0.4033203125 0.009765625 0.013671875
0 0.240234375 0.4189453125 0.04296875 0.052734375
0 0.703125 0.3984375 0.00390625 0.015625
0 0.1259765625 0.4033203125 0.041015625 0.025390625
0 0.7880859375 0.3662109375 0.005859375 0.001953125
0 0.705078125 0.3671875 0.00390625 0.0078125
0 0.326171875 0.3798828125 0.0078125 0.033203125
0 0.791015625 0.3603515625 0.00390625 0.001953125
0 0.7626953125 0.3720703125 0.025390625 0.076171875
0 0.1826171875 0.3486328125 0.044921875 0.037109375
0 0.2890625 0.3427734375 0.02734375 0.056640625
