0 0.7177734375 0.8798828125 0.005859375 0.005859375
0 0.6875 0.8515625 0.03125 0.01953125
0 0.6142578125 0.8427734375 0.005859375 0.005859375
0 0.599609375 0.837890625 0.00390625 0.00390625
0 0.5810546875 0.8310546875 0.005859375 0.005859375
0 0.5498046875 0.82421875 0.005859375 0.0078125
0 0.5380859375 0.8193359375 0.005859375 0.005859375
0 0.47265625 0.7978515625 0.00390625 0.001953125
0 0.421875 0.7783203125 0.00390625 0.005859375
0 0.4072265625 0.7724609375 0.005859375 0.005859375
0 0.396484375 0.7685546875 0.00390625 0.005859375
0 0.388671875 0.7666015625 0.00390625 0.005859375
0 0.3818359375 0.7626953125 0.005859375 0.005859375
0 0.3681640625 0.7587890625 0.005859375 0.005859375
0 0.353515625 0.7548828125 0.0078125 0.005859375
0 0.341796875 0.75 0.0078125 0.00390625
0 0.330078125 0.7451171875 0.01171875 0.009765625
0 0.314453125 0.740234375 0.01171875 0.0078125
0 0.30078125 0.7353515625 0.0078125 0.005859375
0 0.2890625 0.7314453125 0.00390625 0.005859375
0 0.275390625 0.7265625 0.0078125 0.0078125
0 0.25 0.7236328125 0.00390625 0.001953125
0 0.259765625 0.7177734375 0.0078125 0.005859375
0 0.2373046875 0.7177734375 0.009765625 0.005859375
0 0.232421875 0.7080078125 0.00390625 0.005859375
0 0.2060546875 0.705078125 0.001953125 0.00390625
0 0.21875 0.7021484375 0.00390625 0.005859375
0 0.2421875 0.693359375 0.00390625 0.00390625
0 0.1806640625 0.6943359375 0.009765625 0.005859375
0 0.6171875 0.6943359375 0.0546875 0.037109375
0 0.1064453125 0.6640625 0.005859375 0.0078125
0 0.77734375 0.6689453125 0.01171875 0.041015625
0 0.78515625 0.6357421875 0.00390625 0.009765625
0 0.7626953125 0.6533203125 0.017578125 0.064453125
0 0.7890625 0.6181640625 0.00390625 0.005859375
0 0.7724609375 0.6103515625 0.009765625 0.017578125
0 0.2958984375 0.56640625 0.001953125 0.00390625
0 0.2880859375 0.57421875 0.025390625 0.02734375
0 0.720703125 0.537109375 0.04296875 0.0390625
0 0.654296875 0.525390625 0.0546875 0.04296875
0 0.7314453125 0.48046875 0.005859375 0.00390625
0 0.796875 0.4814453125 0.0078125 0.013671875
0 0.75390625 0.4658203125 0.0078125 0.005859375
0 0.1455078125 0.45703125 0.005859375 0.0078125
0 0.154296875 0.447265625 0.0078125 0.01953125
0 0.15625 0.4306640625 0.00390625 0.009765625
0 0.3046875 0.40625 0.00390625 0.00390625
0 0.162109375 0.4072265625 0.00390625 0.021484375
0 0.142578125 0.3994140625 0.00390625 0.005859375
0 0.3310546875 0.404296875 0.044921875 0.0390625
0 0.166015625 0.3876953125 0.00390625 0.009765625
0 0.2490234375 0.3564453125 0.029296875 0.025390625
0 0.158203125 0.34375 0.015625 0.05078125
0 0.3037109375 0.279296875 0.013671875 0.01953125
0 0.23828125 0.26953125 0.0078125 0.01171875
0 0.892578125 0.1533203125 0.00390625 0.005859375
