0 0.3046875 0.9560546875 0.00390625 0.005859375
0 0.30078125 0.9482421875 0.00390625 0.001953125
0 0.2958984375 0.9501953125 0.013671875 0.025390625
0 0.4169921875 0.9091796875 0.005859375 0.001953125
0 0.34765625 0.9228515625 0.03515625 0.029296875
0 0.4326171875 0.9033203125 0.001953125 0.001953125
0 0.4443359375 0.8984375 0.001953125 0.00390625
0 0.45703125 0.8935546875 0.00390625 0.001953125
0 0.5625 0.8642578125 0.00390625 0.005859375
0 0.619140625 0.84375 0.00390625 0.00390625
0 0.6484375 0.830078125 0.02734375 0.015625
0 0.666015625 0.822265625 0.00390625 0.00390625
0 0.2646484375 0.822265625 0.005859375 0.01171875
0 0.6826171875 0.8173828125 0.017578125 0.009765625
0 0.6982421875 0.8115234375 0.009765625 0.005859375
0 0.70703125 0.8076171875 0.00390625 0.005859375
0 0.2607421875 0.80859375 0.005859375 0.0078125
0 0.7158203125 0.8046875 0.005859375 0.0078125
0 0.7333984375 0.798828125 0.009765625 0.0078125
0 0.7431640625 0.7939453125 0.005859375 0.005859375
0 0.255859375 0.791015625 0.00390625 0.0078125
0 0.251953125 0.775390625 0.00390625 0.00390625
0 0.78125 0.7705078125 0.01171875 0.005859375
0 0.791015625 0.765625 0.0078125 0.00390625
0 0.7978515625 0.7626953125 0.001953125 0.001953125
0 0.8056640625 0.7705078125 0.099609375 0.044921875
0 0.865234375 0.74609375 0.015625 0.01171875
0 0.78125 0.76171875 0.05859375 0.04296875
0 0.427734375 0.7587890625 0.05859375 0.044921875
0 0.2509765625 0.75 0.025390625 0.0390625
0 0.8681640625 0.720703125 0.025390625 0.02734375
0 0.2578125 0.708984375 0.01171875 0.01953125
0 0.2578125 0.6845703125 0.00390625 0.009765625
0 0.2470703125 0.6787109375 0.001953125 0.001953125
0 0.236328125 0.69921875 0.015625 0.05078125
0 0.2490234375 0.673828125 0.001953125 0.00390625
0 0.2275390625 0.666015625 0.005859375 0.0078125
0 0.2236328125 0.6474609375 0.005859375 0.017578125
0 0.220703125 0.6337890625 0.00390625 0.005859375
0 0.2158203125 0.6162109375 0.005859375 0.009765625
0 0.751953125 0.6337890625 0.05859375 0.048828125
0 0.3076171875 0.6025390625 0.044921875 0.048828125
0 0.865234375 0.5673828125 0.00390625 0.005859375
0 0.3916015625 0.5849609375 0.056640625 0.044921875
0 0.87890625 0.5595703125 0.00390625 0.013671875
0 0.869140625 0.5537109375 0.00390625 0.001953125
0 0.859375 0.55859375 0.0078125 0.01171875
0 0.486328125 0.556640625 0.0078125 0.0078125
0 0.89453125 0.5556640625 0.00390625 0.009765625
0 0.232421875 0.5478515625 0.0078125 0.009765625
0 0.2880859375 0.5419921875 0.005859375 0.009765625
0 0.890625 0.5361328125 0.0078125 0.017578125
0 0.26171875 0.5341796875 0.015625 0.013671875
0 0.6083984375 0.5078125 0.005859375 0.0078125
0 0.3232421875 0.4951171875 0.013671875 0.021484375
0 0.873046875 0.482421875 0.04296875 0.08984375
0 0.7177734375 0.4619140625 0.060546875 0.048828125
0 0.87109375 0.431640625 0.00390625 0.0078125
0 0.7822265625 0.423828125 0.044921875 0.05078125
0 0.8662109375 0.404296875 0.009765625 0.02734375
0 0.861328125 0.3779296875 0.00390625 0.009765625
0 0.7705078125 0.3681640625 0.005859375 0.009765625
0 0.8447265625 0.369140625 0.005859375 0.01953125
0 0.783203125 0.3408203125 0.0078125 0.013671875
0 0.828125 0.3232421875 0.015625 0.021484375
0 0.8486328125 0.3173828125 0.021484375 0.099609375
0 0.837890625 0.251953125 0.00390625 0.01171875
0 0.1396484375 0.279296875 0.017578125 0.06640625
0 0.833984375 0.2373046875 0.00390625 0.009765625
0 0.8291015625 0.208984375 0.009765625 0.02734375
0 0.201171875 0.1982421875 0.01171875 0.013671875
0 0.193359375 0.1923828125 0.0078125 0.013671875
0 0.818359375 0.154296875 0.015625 0.06640625
0 0.810546875 0.1103515625 0.00390625 0.009765625
0 0.8095703125 0.1005859375 0.005859375 0.005859375
0 0.28125 0.078125 0.05859375 0.04296875
0 0.802734375 0.0712890625 0.01171875 0.048828125
0 0.796875 0.0361328125 0.00390625 0.005859375
