0 0.2099609375 0.9267578125 0.001953125 0.001953125
0 0.587890625 0.9248046875 0.0078125 0.001953125
0 0.5634765625 0.9228515625 0.033203125 0.013671875
0 0.7001953125 0.91796875 0.009765625 0.01171875
0 0.1591796875 0.9140625 0.001953125 0.00390625
0 0.1689453125 0.912109375 0.001953125 0.0078125
0 0.1435546875 0.921875 0.076171875 0.03125
0 0.15234375 0.90625 0.00390625 0.00390625
0 0.7216796875 0.900390625 0.021484375 0.078125
0 0.712890625 0.865234375 0.015625 0.03515625
0 0.27734375 0.833984375 0.046875 0.046875
0 0.6650390625 0.7919921875 0.041015625 0.041015625
0 0.60546875 0.7802734375 0.05078125 0.041015625
0 0.50390625 0.7470703125 0.00390625 0.009765625
0 0.67578125 0.7412109375 0.0078125 0.009765625
0 0.734375 0.7421875 0.015625 0.015625
0 0.6962890625 0.728515625 0.005859375 0.0078125
0 0.1513671875 0.7158203125 0.001953125 0.001953125
0 0.392578125 0.7109375 0.00390625 0.00390625
0 0.1298828125 0.7177734375 0.009765625 0.041015625
0 0.158203125 0.6923828125 0.00390625 0.005859375
0 0.146484375 0.70703125 0.015625 0.04296875
0 0.1572265625 0.6796875 0.001953125 0.00390625
0 0.1611328125 0.6689453125 0.001953125 0.005859375
0 0.14453125 0.6728515625 0.01953125 0.025390625
0 0.30859375 0.6767578125 0.05078125 0.037109375
0 0.1640625 0.6591796875 0.00390625 0.001953125
0 0.15625 0.654296875 0.00390625 0.0078125
0 0.23828125 0.6376953125 0.03515625 0.033203125
0 0.2451171875 0.5791015625 0.001953125 0.005859375
0 0.1591796875 0.6044921875 0.013671875 0.056640625
0 0.2861328125 0.56640625 0.013671875 0.01953125
0 0.2255859375 0.5576171875 0.009765625 0.009765625
0 0.1982421875 0.548828125 0.005859375 0.0078125
0 0.8359375 0.3798828125 0.00390625 0.001953125
0 0.83984375 0.365234375 0.00390625 0.00390625
0 0.7001953125 0.337890625 0.056640625 0.046875
0 0.8515625 0.3134765625 0.00390625 0.005859375
0 0.859375 0.2783203125 0.00390625 0.005859375
0 0.8427734375 0.2841796875 0.009765625 0.017578125
0 0.8603515625 0.2685546875 0.001953125 0.005859375
0 0.2236328125 0.28125 0.009765625 0.03125
0 0.2939453125 0.26171875 0.013671875 0.01953125
0 0.8408203125 0.2080078125 0.001953125 0.001953125
0 0.833984375 0.2080078125 0.00390625 0.005859375
0 0.400390625 0.224609375 0.0546875 0.0390625
0 0.736328125 0.1787109375 0.05859375 0.048828125
0 0.8798828125 0.080078125 0.001953125 0.00390625
0 0.896484375 0.1025390625 0.015625 0.064453125
0 0.8212890625 0.078125 0.017578125 0.0234375
0 0.8623046875 0.1552734375 0.068359375 0.185546875
0 0.9052734375 0.0634765625 0.005859375 0.005859375
0 0.263671875 0.0791015625 0.01171875 0.044921875
0 0.4365234375 0.0625 0.056640625 0.04296875
