0 0.7001953125 0.904296875 0.068359375 0.0390625
0 0.306640625 0.9033203125 0.06640625 0.037109375
0 0.8828125 0.740234375 0.00390625 0.00390625
0 0.884765625 0.7255859375 0.00390625 0.005859375
0 0.892578125 0.7041015625 0.00390625 0.005859375
0 0.1123046875 0.6962890625 0.017578125 0.013671875
0 0.8935546875 0.69140625 0.005859375 0.01171875
0 0.708984375 0.7001953125 0.0703125 0.041015625
0 0.8857421875 0.6953125 0.005859375 0.046875
0 0.30859375 0.6923828125 0.07421875 0.041015625
0 0.115234375 0.6806640625 0.015625 0.017578125
0 0.0986328125 0.6650390625 0.005859375 0.005859375
0 0.8828125 0.6640625 0.00390625 0.01171875
0 0.1123046875 0.6494140625 0.017578125 0.037109375
0 0.09765625 0.62890625 0.00390625 0.01171875
0 0.892578125 0.6357421875 0.01171875 0.029296875
0 0.1201171875 0.6220703125 0.001953125 0.005859375
0 0.87109375 0.662109375 0.0234375 0.1015625
0 0.1181640625 0.6025390625 0.001953125 0.001953125
0 0.1005859375 0.6064453125 0.009765625 0.013671875
0 0.1123046875 0.6015625 0.005859375 0.0078125
0 0.8564453125 0.5576171875 0.013671875 0.017578125
0 0.1279296875 0.546875 0.001953125 0.00390625
0 0.8173828125 0.5576171875 0.021484375 0.029296875
0 0.1796875 0.5439453125 0.0078125 0.009765625
0 0.7890625 0.5400390625 0.015625 0.017578125
0 0.203125 0.5234375 0.00390625 0.00390625
0 0.892578125 0.4765625 0.00390625 0.00390625
0 0.892578125 0.4658203125 0.00390625 0.009765625
0 0.892578125 0.453125 0.00390625 0.00390625
0 0.1328125 0.453125 0.0078125 0.0078125
0 0.791015625 0.4658203125 0.05078125 0.052734375
0 0.6435546875 0.4384765625 0.005859375 0.009765625
0 0.2841796875 0.4521484375 0.041015625 0.041015625
0 0.1962890625 0.4453125 0.017578125 0.03125
0 0.1259765625 0.44140625 0.013671875 0.0234375
0 0.42578125 0.431640625 0.0078125 0.01171875
0 0.1279296875 0.369140625 0.017578125 0.04296875
0 0.9013671875 0.2373046875 0.005859375 0.005859375
0 0.8720703125 0.2412109375 0.017578125 0.052734375
0 0.771484375 0.2373046875 0.015625 0.048828125
0 0.90234375 0.1845703125 0.00390625 0.021484375
0 0.9033203125 0.1455078125 0.005859375 0.048828125
0 0.77734375 0.0869140625 0.0390625 0.025390625
0 0.853515625 0.07421875 0.05078125 0.0546875
0 0.8935546875 0.0322265625 0.005859375 0.005859375
0 0.671875 0.029296875 0.00390625 0.00390625
0 0.197265625 0.0478515625 0.05078125 0.060546875
0 0.794921875 0.0126953125 0.0546875 0.009765625
0 0.5849609375 0.00390625 0.052734375 0.0078125
0 0.099609375 0.0029296875 0.00390625 0.005859375
