0 0.185546875 0.8857421875 0.02734375 0.025390625
0 0.1943359375 0.8701171875 0.001953125 0.001953125
0 0.17578125 0.8720703125 0.01171875 0.009765625
0 0.1689453125 0.8623046875 0.001953125 0.005859375
0 0.72265625 0.8740234375 0.0625 0.048828125
0 0.1875 0.8564453125 0.01171875 0.017578125
0 0.162109375 0.8330078125 0.0078125 0.013671875
0 0.1806640625 0.833984375 0.013671875 0.0390625
0 0.169921875 0.818359375 0.01171875 0.0078125
0 0.3544921875 0.826171875 0.060546875 0.04296875
0 0.87109375 0.802734375 0.00390625 0.00390625
0 0.8681640625 0.7822265625 0.005859375 0.013671875
0 0.1572265625 0.787109375 0.017578125 0.0625
0 0.861328125 0.7470703125 0.00390625 0.005859375
0 0.154296875 0.68359375 0.00390625 0.0078125
0 0.6904296875 0.69921875 0.064453125 0.046875
0 0.84765625 0.67578125 0.00390625 0.0078125
0 0.16015625 0.671875 0.00390625 0.00390625
0 0.8447265625 0.66015625 0.001953125 0.00390625
0 0.21484375 0.6572265625 0.015625 0.021484375
0 0.291015625 0.6357421875 0.03125 0.033203125
0 0.1455078125 0.6181640625 0.017578125 0.021484375
0 0.837890625 0.619140625 0.01171875 0.046875
0 0.83203125 0.5830078125 0.00390625 0.009765625
0 0.8203125 0.615234375 0.02734375 0.08984375
0 0.828125 0.5693359375 0.00390625 0.005859375
0 0.400390625 0.5693359375 0.00390625 0.005859375
0 0.755859375 0.5439453125 0.01953125 0.025390625
0 0.73046875 0.5390625 0.01171875 0.015625
0 0.791015625 0.533203125 0.01171875 0.015625
0 0.5869140625 0.5048828125 0.005859375 0.009765625
0 0.80859375 0.4716796875 0.00390625 0.005859375
0 0.806640625 0.458984375 0.00390625 0.0078125
0 0.7158203125 0.4765625 0.044921875 0.046875
0 0.7919921875 0.38671875 0.005859375 0.00390625
0 0.78515625 0.349609375 0.00390625 0.0078125
0 0.154296875 0.3369140625 0.00390625 0.009765625
0 0.142578125 0.3232421875 0.01171875 0.005859375
0 0.7802734375 0.32421875 0.005859375 0.0234375
0 0.7734375 0.291015625 0.00390625 0.0078125
0 0.6552734375 0.2939453125 0.017578125 0.041015625
0 0.7705078125 0.271484375 0.005859375 0.01171875
0 0.162109375 0.2734375 0.0390625 0.01953125
0 0.7666015625 0.2548828125 0.005859375 0.009765625
0 0.7412109375 0.2626953125 0.021484375 0.041015625
0 0.759765625 0.216796875 0.00390625 0.00390625
0 0.751953125 0.1796875 0.00390625 0.00390625
0 0.4423828125 0.1689453125 0.037109375 0.017578125
0 0.748046875 0.158203125 0.00390625 0.00390625
0 0.6337890625 0.1669921875 0.033203125 0.025390625
0 0.6943359375 0.1279296875 0.044921875 0.048828125
0 0.7236328125 0.080078125 0.001953125 0.00390625
0 0.7158203125 0.0732421875 0.041015625 0.029296875
