0 0.861328125 0.9970703125 0.0078125 0.005859375
0 0.166015625 0.9970703125 0.0078125 0.005859375
0 0.7275390625 0.9951171875 0.017578125 0.005859375
0 0.703125 0.9931640625 0.00390625 0.001953125
0 0.6943359375 0.9931640625 0.005859375 0.001953125
0 0.708984375 0.9921875 0.00390625 0.00390625
0 0.111328125 0.9931640625 0.01171875 0.005859375
0 0.2451171875 0.9921875 0.013671875 0.0078125
0 0.2705078125 0.9912109375 0.005859375 0.009765625
0 0.2578125 0.9912109375 0.0078125 0.009765625
0 0.294921875 0.98828125 0.0390625 0.015625
0 0.2412109375 0.9755859375 0.005859375 0.005859375
0 0.7041015625 0.9833984375 0.072265625 0.029296875
0 0.3095703125 0.9716796875 0.009765625 0.005859375
0 0.275390625 0.9716796875 0.01171875 0.005859375
0 0.1064453125 0.978515625 0.005859375 0.01953125
0 0.8173828125 0.9765625 0.037109375 0.02734375
0 0.1748046875 0.974609375 0.041015625 0.02734375
0 0.1044921875 0.951171875 0.005859375 0.01171875
0 0.697265625 0.8232421875 0.00390625 0.001953125
0 0.7041015625 0.833984375 0.068359375 0.05078125
0 0.306640625 0.830078125 0.06640625 0.0546875
0 0.0908203125 0.755859375 0.005859375 0.015625
0 0.1171875 0.7431640625 0.00390625 0.001953125
0 0.0908203125 0.7412109375 0.005859375 0.009765625
0 0.099609375 0.740234375 0.0078125 0.01171875
0 0.1044921875 0.7255859375 0.017578125 0.052734375
0 0.1201171875 0.6923828125 0.001953125 0.013671875
0 0.08984375 0.6767578125 0.00390625 0.013671875
0 0.876953125 0.7138671875 0.0390625 0.103515625
0 0.8671875 0.689453125 0.015625 0.05859375
0 0.12109375 0.6630859375 0.00390625 0.005859375
0 0.1171875 0.650390625 0.00390625 0.00390625
0 0.1044921875 0.6728515625 0.017578125 0.048828125
0 0.5712890625 0.6220703125 0.005859375 0.009765625
0 0.4228515625 0.623046875 0.009765625 0.01171875
0 0.7041015625 0.6142578125 0.005859375 0.001953125
0 0.70703125 0.619140625 0.0703125 0.0390625
0 0.30859375 0.61328125 0.06640625 0.0390625
0 0.7880859375 0.6083984375 0.052734375 0.052734375
0 0.2099609375 0.595703125 0.048828125 0.046875
0 0.7890625 0.5361328125 0.0078125 0.009765625
0 0.203125 0.517578125 0.0078125 0.0078125
0 0.810546875 0.513671875 0.0078125 0.01171875
0 0.8642578125 0.513671875 0.013671875 0.01953125
0 0.1728515625 0.498046875 0.013671875 0.015625
0 0.1357421875 0.49609375 0.009765625 0.01171875
0 0.25390625 0.4814453125 0.01953125 0.025390625
0 0.89453125 0.412109375 0.00390625 0.00390625
0 0.900390625 0.1787109375 0.00390625 0.021484375
0 0.900390625 0.1611328125 0.00390625 0.001953125
0 0.90234375 0.14453125 0.00390625 0.015625
0 0.9033203125 0.1181640625 0.001953125 0.009765625
0 0.1943359375 0.0908203125 0.001953125 0.013671875
0 0.1884765625 0.0791015625 0.005859375 0.005859375
0 0.18359375 0.0888671875 0.015625 0.025390625
0 0.7236328125 0.015625 0.076171875 0.03125
0 0.3115234375 0.0068359375 0.068359375 0.013671875
