0 0.775390625 0.9970703125 0.0078125 0.005859375
0 0.16015625 0.9951171875 0.0078125 0.009765625
0 0.8251953125 0.994140625 0.013671875 0.01171875
0 0.1943359375 0.994140625 0.013671875 0.01171875
0 0.267578125 0.9794921875 0.015625 0.021484375
0 0.853515625 0.908203125 0.00390625 0.0078125
0 0.853515625 0.888671875 0.00390625 0.00390625
0 0.853515625 0.875 0.00390625 0.01953125
0 0.861328125 0.666015625 0.00390625 0.0078125
0 0.205078125 0.6298828125 0.015625 0.021484375
0 0.6982421875 0.5478515625 0.064453125 0.037109375
0 0.3203125 0.541015625 0.06640625 0.03125
0 0.87109375 0.412109375 0.00390625 0.0078125
0 0.87109375 0.3955078125 0.00390625 0.005859375
0 0.87109375 0.380859375 0.00390625 0.0078125
0 0.138671875 0.3427734375 0.00390625 0.005859375
0 0.703125 0.3505859375 0.0703125 0.041015625
0 0.142578125 0.333984375 0.00390625 0.01171875
0 0.125 0.333984375 0.0078125 0.015625
0 0.322265625 0.337890625 0.06640625 0.0390625
0 0.123046875 0.3154296875 0.00390625 0.005859375
0 0.8642578125 0.298828125 0.001953125 0.0078125
0 0.123046875 0.2841796875 0.00390625 0.005859375
0 0.8662109375 0.2802734375 0.001953125 0.017578125
0 0.13671875 0.2919921875 0.015625 0.041015625
0 0.85546875 0.3154296875 0.015625 0.099609375
0 0.8759765625 0.3134765625 0.013671875 0.107421875
0 0.1416015625 0.25 0.001953125 0.00390625
0 0.1279296875 0.2490234375 0.013671875 0.017578125
0 0.84375 0.2138671875 0.015625 0.017578125
0 0.806640625 0.2138671875 0.0234375 0.029296875
0 0.1484375 0.1943359375 0.01171875 0.009765625
0 0.78125 0.1962890625 0.01171875 0.017578125
0 0.19921875 0.1953125 0.01171875 0.015625
0 0.220703125 0.1728515625 0.00390625 0.005859375
0 0.8798828125 0.125 0.005859375 0.0234375
0 0.154296875 0.10546875 0.01171875 0.01171875
0 0.78125 0.123046875 0.046875 0.05078125
0 0.8798828125 0.0986328125 0.005859375 0.017578125
0 0.6416015625 0.0966796875 0.009765625 0.013671875
0 0.2998046875 0.10546875 0.041015625 0.0390625
0 0.43359375 0.0859375 0.0078125 0.01171875
0 0.150390625 0.087890625 0.01171875 0.015625
0 0.2177734375 0.0947265625 0.017578125 0.033203125
0 0.880859375 0.0673828125 0.00390625 0.017578125
0 0.8818359375 0.04296875 0.005859375 0.01171875
0 0.8818359375 0.0166015625 0.005859375 0.033203125
0 0.1513671875 0.0234375 0.017578125 0.046875
