0 0.2724609375 0.888671875 0.013671875 0.01171875
0 0.3203125 0.8583984375 0.03515625 0.025390625
0 0.4306640625 0.818359375 0.001953125 0.00390625
0 0.41015625 0.8193359375 0.0078125 0.005859375
0 0.2490234375 0.8134765625 0.001953125 0.001953125
0 0.490234375 0.814453125 0.00390625 0.0078125
0 0.501953125 0.8095703125 0.00390625 0.005859375
0 0.515625 0.8056640625 0.0078125 0.005859375
0 0.2470703125 0.8037109375 0.001953125 0.005859375
0 0.5302734375 0.798828125 0.013671875 0.0078125
0 0.60546875 0.771484375 0.00390625 0.00390625
0 0.619140625 0.7666015625 0.00390625 0.005859375
0 0.6337890625 0.7607421875 0.005859375 0.005859375
0 0.6455078125 0.7568359375 0.005859375 0.005859375
0 0.65625 0.7529296875 0.00390625 0.005859375
0 0.7119140625 0.732421875 0.005859375 0.00390625
0 0.2294921875 0.728515625 0.001953125 0.00390625
0 0.72265625 0.7275390625 0.00390625 0.005859375
0 0.7373046875 0.72265625 0.009765625 0.0078125
0 0.75 0.7177734375 0.0078125 0.005859375
0 0.7607421875 0.712890625 0.005859375 0.0078125
0 0.7392578125 0.7099609375 0.001953125 0.001953125
0 0.7724609375 0.7080078125 0.001953125 0.005859375
0 0.7275390625 0.70703125 0.013671875 0.0234375
0 0.8193359375 0.689453125 0.005859375 0.00390625
0 0.7490234375 0.69140625 0.021484375 0.01171875
0 0.765625 0.68359375 0.0078125 0.0078125
0 0.3984375 0.693359375 0.0546875 0.04296875
0 0.8837890625 0.6650390625 0.001953125 0.005859375
0 0.2275390625 0.6552734375 0.001953125 0.005859375
0 0.8896484375 0.650390625 0.001953125 0.00390625
0 0.84375 0.658203125 0.03125 0.0234375
0 0.8828125 0.6162109375 0.00390625 0.009765625
0 0.2158203125 0.6552734375 0.037109375 0.087890625
0 0.8798828125 0.59765625 0.005859375 0.01171875
0 0.8779296875 0.5791015625 0.005859375 0.013671875
0 0.1953125 0.5810546875 0.015625 0.056640625
0 0.720703125 0.5712890625 0.0546875 0.044921875
0 0.2802734375 0.5380859375 0.037109375 0.041015625
0 0.36328125 0.5234375 0.0546875 0.04296875
0 0.45703125 0.494140625 0.0078125 0.00390625
0 0.2041015625 0.482421875 0.005859375 0.0078125
0 0.2607421875 0.478515625 0.005859375 0.00390625
0 0.232421875 0.47265625 0.01171875 0.01171875
0 0.8486328125 0.4599609375 0.001953125 0.001953125
0 0.298828125 0.427734375 0.00390625 0.00390625
0 0.2939453125 0.431640625 0.013671875 0.01953125
0 0.6865234375 0.4013671875 0.056640625 0.044921875
0 0.83984375 0.4208984375 0.0390625 0.091796875
0 0.7490234375 0.36328125 0.044921875 0.046875
0 0.73828125 0.306640625 0.00390625 0.0078125
0 0.8212890625 0.2822265625 0.005859375 0.005859375
0 0.751953125 0.2802734375 0.0078125 0.009765625
0 0.794921875 0.263671875 0.015625 0.015625
0 0.8134765625 0.248046875 0.013671875 0.05078125
0 0.1142578125 0.2265625 0.021484375 0.0703125
0 0.794921875 0.14453125 0.00390625 0.0078125
0 0.1708984375 0.1396484375 0.013671875 0.013671875
0 0.791015625 0.1201171875 0.00390625 0.005859375
0 0.787109375 0.1025390625 0.00390625 0.005859375
