0 0.1162109375 0.99609375 0.005859375 0.0078125
0 0.314453125 0.994140625 0.0625 0.01171875
0 0.6767578125 0.9912109375 0.021484375 0.017578125
0 0.7099609375 0.990234375 0.041015625 0.01953125
0 0.220703125 0.982421875 0.046875 0.03515625
0 0.7724609375 0.9794921875 0.052734375 0.041015625
0 0.7744140625 0.9228515625 0.009765625 0.013671875
0 0.2119140625 0.9189453125 0.009765625 0.009765625
0 0.7958984375 0.8984375 0.009765625 0.01171875
0 0.1865234375 0.900390625 0.017578125 0.015625
0 0.150390625 0.900390625 0.01171875 0.015625
0 0.2626953125 0.884765625 0.017578125 0.0234375
0 0.1142578125 0.76953125 0.005859375 0.07421875
0 0.1533203125 0.73046875 0.013671875 0.03125
0 0.1064453125 0.53125 0.013671875 0.01953125
0 0.111328125 0.5087890625 0.00390625 0.001953125
0 0.1943359375 0.517578125 0.017578125 0.0234375
0 0.8818359375 0.521484375 0.005859375 0.03515625
0 0.1083984375 0.474609375 0.009765625 0.0078125
0 0.7080078125 0.4267578125 0.072265625 0.044921875
0 0.326171875 0.4208984375 0.046875 0.033203125
0 0.2939453125 0.421875 0.029296875 0.03515625
0 0.884765625 0.3974609375 0.00390625 0.033203125
0 0.8671875 0.296875 0.0078125 0.01171875
0 0.8857421875 0.330078125 0.005859375 0.09375
0 0.8876953125 0.2607421875 0.005859375 0.025390625
0 0.1044921875 0.2568359375 0.013671875 0.029296875
0 0.107421875 0.220703125 0.00390625 0.0078125
0 0.7138671875 0.2177734375 0.072265625 0.044921875
0 0.3134765625 0.20703125 0.076171875 0.04296875
0 0.873046875 0.1796875 0.01953125 0.109375
0 0.119140625 0.1162109375 0.015625 0.013671875
0 0.115234375 0.162109375 0.02734375 0.109375
0 0.873046875 0.1103515625 0.01171875 0.013671875
0 0.1845703125 0.05859375 0.013671875 0.01171875
0 0.1298828125 0.0576171875 0.013671875 0.013671875
0 0.79296875 0.0556640625 0.01953125 0.025390625
0 0.2080078125 0.03515625 0.009765625 0.01171875
0 0.84375 0.0546875 0.07421875 0.08984375
0 0.87109375 0.0068359375 0.00390625 0.005859375
0 0.8935546875 0.1142578125 0.013671875 0.228515625
0 0.7958984375 0.0048828125 0.041015625 0.009765625
