0 0.677734375 0.923828125 0.00390625 0.00390625
0 0.6943359375 0.9267578125 0.013671875 0.013671875
0 0.626953125 0.90625 0.00390625 0.00390625
0 0.6123046875 0.9013671875 0.005859375 0.005859375
0 0.666015625 0.9052734375 0.03515625 0.037109375
0 0.5732421875 0.8828125 0.060546875 0.02734375
0 0.5 0.861328125 0.00390625 0.00390625
0 0.4736328125 0.8544921875 0.001953125 0.001953125
0 0.44921875 0.84375 0.00390625 0.00390625
0 0.435546875 0.8388671875 0.00390625 0.005859375
0 0.4228515625 0.833984375 0.005859375 0.00390625
0 0.4111328125 0.8291015625 0.005859375 0.005859375
0 0.396484375 0.8251953125 0.00390625 0.005859375
0 0.732421875 0.8232421875 0.00390625 0.005859375
0 0.37109375 0.81640625 0.03515625 0.015625
0 0.3203125 0.798828125 0.0625 0.02734375
0 0.2451171875 0.7783203125 0.005859375 0.001953125
0 0.275390625 0.7822265625 0.0234375 0.013671875
0 0.2587890625 0.7666015625 0.001953125 0.001953125
0 0.2490234375 0.76953125 0.005859375 0.0078125
0 0.23828125 0.7666015625 0.00390625 0.005859375
0 0.21484375 0.759765625 0.03125 0.015625
0 0.25 0.7509765625 0.00390625 0.005859375
0 0.1845703125 0.751953125 0.021484375 0.01171875
0 0.2177734375 0.7431640625 0.017578125 0.005859375
0 0.1640625 0.7431640625 0.00390625 0.005859375
0 0.1484375 0.7392578125 0.015625 0.013671875
0 0.599609375 0.7509765625 0.0546875 0.041015625
0 0.130859375 0.732421875 0.00390625 0.0078125
0 0.765625 0.724609375 0.00390625 0.0078125
0 0.1015625 0.7197265625 0.0078125 0.009765625
0 0.755859375 0.72265625 0.01171875 0.04296875
0 0.7626953125 0.6923828125 0.005859375 0.009765625
0 0.7666015625 0.677734375 0.005859375 0.01171875
0 0.7685546875 0.666015625 0.001953125 0.00390625
0 0.7587890625 0.6640625 0.005859375 0.0078125
0 0.7431640625 0.69921875 0.021484375 0.08203125
0 0.28515625 0.634765625 0.04296875 0.0390625
0 0.7001953125 0.595703125 0.041015625 0.04296875
0 0.634765625 0.5830078125 0.0546875 0.041015625
0 0.5244140625 0.5458984375 0.001953125 0.005859375
0 0.7724609375 0.5400390625 0.013671875 0.013671875
0 0.7109375 0.5380859375 0.0078125 0.009765625
0 0.732421875 0.52734375 0.0078125 0.0078125
0 0.1396484375 0.5166015625 0.001953125 0.001953125
0 0.1455078125 0.5126953125 0.001953125 0.009765625
0 0.40625 0.5087890625 0.00390625 0.005859375
0 0.1494140625 0.4970703125 0.001953125 0.017578125
0 0.1533203125 0.4765625 0.001953125 0.015625
0 0.138671875 0.4677734375 0.00390625 0.005859375
0 0.31640625 0.4677734375 0.05078125 0.041015625
0 0.1591796875 0.44921875 0.001953125 0.00390625
0 0.2392578125 0.4248046875 0.029296875 0.033203125
0 0.15234375 0.4013671875 0.015625 0.056640625
0 0.29296875 0.345703125 0.015625 0.01953125
0 0.2275390625 0.3359375 0.009765625 0.01171875
0 0.197265625 0.326171875 0.0078125 0.00390625
0 0.873046875 0.1982421875 0.00390625 0.001953125
0 0.884765625 0.1484375 0.00390625 0.00390625
0 0.73828125 0.103515625 0.0625 0.05078125
