0 0.88671875 0.9111328125 0.00390625 0.009765625
0 0.7626953125 0.9140625 0.029296875 0.015625
0 0.27734375 0.916015625 0.01171875 0.03125
0 0.884765625 0.8935546875 0.00390625 0.005859375
0 0.3583984375 0.9052734375 0.037109375 0.037109375
0 0.271484375 0.88671875 0.00390625 0.00390625
0 0.880859375 0.8759765625 0.00390625 0.005859375
0 0.4326171875 0.890625 0.052734375 0.0390625
0 0.8525390625 0.869140625 0.005859375 0.00390625
0 0.84765625 0.8603515625 0.00390625 0.001953125
0 0.517578125 0.86328125 0.00390625 0.0078125
0 0.865234375 0.861328125 0.00390625 0.0078125
0 0.8779296875 0.8603515625 0.005859375 0.009765625
0 0.291015625 0.857421875 0.0078125 0.0078125
0 0.3427734375 0.8515625 0.005859375 0.0078125
0 0.8759765625 0.84765625 0.001953125 0.00390625
0 0.3173828125 0.845703125 0.009765625 0.01171875
0 0.623046875 0.818359375 0.00390625 0.0078125
0 0.8525390625 0.8076171875 0.001953125 0.005859375
0 0.37109375 0.8115234375 0.01171875 0.017578125
0 0.8671875 0.8017578125 0.02734375 0.083984375
0 0.72265625 0.779296875 0.05078125 0.0390625
0 0.8466796875 0.779296875 0.013671875 0.046875
0 0.77734375 0.7451171875 0.0390625 0.041015625
0 0.767578125 0.6953125 0.0078125 0.0078125
0 0.78125 0.673828125 0.0078125 0.0078125
0 0.818359375 0.65625 0.01171875 0.015625
0 0.833984375 0.6318359375 0.00390625 0.001953125
0 0.8310546875 0.6142578125 0.001953125 0.001953125
0 0.8291015625 0.6025390625 0.005859375 0.009765625
0 0.2080078125 0.6083984375 0.017578125 0.056640625
0 0.2607421875 0.556640625 0.013671875 0.01171875
0 0.26171875 0.5478515625 0.0078125 0.005859375
0 0.12890625 0.5146484375 0.0078125 0.005859375
0 0.3369140625 0.44921875 0.048828125 0.03515625
0 0.634765625 0.337890625 0.05859375 0.04296875
0 0.7744140625 0.3173828125 0.005859375 0.017578125
0 0.1416015625 0.306640625 0.001953125 0.0078125
0 0.154296875 0.3232421875 0.01953125 0.052734375
0 0.13671875 0.296875 0.01171875 0.01171875
0 0.1474609375 0.2822265625 0.001953125 0.009765625
0 0.134765625 0.28125 0.0078125 0.015625
0 0.767578125 0.2724609375 0.00390625 0.005859375
0 0.302734375 0.2861328125 0.0546875 0.041015625
0 0.7646484375 0.2626953125 0.001953125 0.005859375
0 0.1279296875 0.265625 0.009765625 0.0234375
0 0.1435546875 0.2294921875 0.001953125 0.001953125
0 0.1806640625 0.212890625 0.005859375 0.0078125
0 0.7548828125 0.2119140625 0.005859375 0.017578125
0 0.7509765625 0.1953125 0.005859375 0.01171875
0 0.1943359375 0.1904296875 0.001953125 0.001953125
0 0.74609375 0.1669921875 0.00390625 0.009765625
0 0.1337890625 0.1591796875 0.001953125 0.001953125
0 0.603515625 0.177734375 0.0546875 0.04296875
0 0.1220703125 0.1533203125 0.005859375 0.005859375
0 0.7431640625 0.1494140625 0.005859375 0.005859375
0 0.740234375 0.1396484375 0.00390625 0.005859375
0 0.125 0.142578125 0.01171875 0.01171875
0 0.1767578125 0.12890625 0.013671875 0.02734375
0 0.7275390625 0.1064453125 0.001953125 0.001953125
0 0.244140625 0.1123046875 0.03125 0.033203125
0 0.1142578125 0.0947265625 0.017578125 0.033203125
0 0.083984375 0.0712890625 0.00390625 0.001953125
0 0.34375 0.0576171875 0.00390625 0.001953125
0 0.724609375 0.09375 0.03515625 0.09765625
