0 0.5869140625 0.6943359375 0.013671875 0.009765625
0 0.56640625 0.6865234375 0.01953125 0.009765625
0 0.5498046875 0.6806640625 0.005859375 0.005859375
0 0.5439453125 0.6787109375 0.001953125 0.005859375
0 0.5751953125 0.677734375 0.017578125 0.01171875
0 0.5380859375 0.6748046875 0.001953125 0.005859375
0 0.5 0.6591796875 0.0078125 0.009765625
0 0.4599609375 0.6484375 0.005859375 0.00390625
0 0.8779296875 0.646484375 0.025390625 0.01171875
0 0.4462890625 0.6435546875 0.001953125 0.005859375
0 0.4306640625 0.6376953125 0.005859375 0.005859375
0 0.4228515625 0.6357421875 0.005859375 0.005859375
0 0.19140625 0.63671875 0.02734375 0.0078125
0 0.0498046875 0.634765625 0.029296875 0.01171875
0 0.912109375 0.6318359375 0.02734375 0.009765625
0 0.7900390625 0.630859375 0.025390625 0.01171875
0 0.4013671875 0.626953125 0.033203125 0.015625
0 0.142578125 0.619140625 0.0234375 0.0078125
0 0.828125 0.6181640625 0.01953125 0.009765625
0 0.7119140625 0.6162109375 0.021484375 0.009765625
0 0.37109375 0.615234375 0.01953125 0.01171875
0 0.35546875 0.6103515625 0.00390625 0.005859375
0 0.2275390625 0.609375 0.025390625 0.0078125
0 0.34375 0.6064453125 0.01171875 0.009765625
0 0.1015625 0.6064453125 0.02734375 0.009765625
0 0.3310546875 0.5986328125 0.001953125 0.005859375
0 0.80078125 0.5908203125 0.00390625 0.001953125
0 0.25 0.59375 0.02734375 0.0078125
0 0.181640625 0.59375 0.09765625 0.0078125
0 0.3173828125 0.5869140625 0.001953125 0.001953125
0 0.30078125 0.5908203125 0.0234375 0.013671875
0 0.806640625 0.5859375 0.0078125 0.0078125
0 0.3056640625 0.5810546875 0.013671875 0.009765625
0 0.533203125 0.5869140625 0.03125 0.025390625
0 0.2646484375 0.5771484375 0.005859375 0.005859375
0 0.2412109375 0.568359375 0.009765625 0.0078125
0 0.6259765625 0.5634765625 0.013671875 0.044921875
0 0.1357421875 0.54296875 0.009765625 0.00390625
0 0.6171875 0.5576171875 0.015625 0.048828125
0 0.1435546875 0.5302734375 0.001953125 0.001953125
0 0.6728515625 0.5126953125 0.001953125 0.001953125
0 0.802734375 0.533203125 0.04296875 0.05078125
0 0.34765625 0.51953125 0.02734375 0.0234375
0 0.1455078125 0.5048828125 0.001953125 0.001953125
0 0.1171875 0.5 0.0078125 0.0078125
0 0.1337890625 0.498046875 0.013671875 0.0078125
0 0.591796875 0.498046875 0.0234375 0.0234375
0 0.5546875 0.490234375 0.03125 0.02734375
0 0.6357421875 0.466796875 0.005859375 0.0078125
0 0.59765625 0.46484375 0.0078125 0.00390625
0 0.2578125 0.4599609375 0.00390625 0.005859375
0 0.611328125 0.45703125 0.00390625 0.00390625
0 0.2666015625 0.4501953125 0.005859375 0.005859375
0 0.4208984375 0.4443359375 0.001953125 0.001953125
0 0.2685546875 0.44140625 0.001953125 0.00390625
0 0.7509765625 0.4580078125 0.044921875 0.052734375
0 0.2705078125 0.43359375 0.001953125 0.00390625
0 0.2734375 0.421875 0.00390625 0.00390625
0 0.2666015625 0.4208984375 0.005859375 0.005859375
0 0.18359375 0.4443359375 0.04296875 0.052734375
0 0.2744140625 0.4150390625 0.001953125 0.005859375
0 0.3671875 0.4208984375 0.03125 0.025390625
0 0.3251953125 0.3984375 0.021484375 0.0234375
0 0.2705078125 0.3955078125 0.009765625 0.021484375
0 0.1298828125 0.3896484375 0.009765625 0.009765625
0 0.1376953125 0.38671875 0.005859375 0.0078125
0 0.2744140625 0.37890625 0.005859375 0.0078125
0 0.1435546875 0.37890625 0.005859375 0.01171875
0 0.775390625 0.3740234375 0.00390625 0.005859375
0 0.7509765625 0.3681640625 0.001953125 0.001953125
0 0.7685546875 0.3662109375 0.001953125 0.001953125
0 0.7880859375 0.3623046875 0.001953125 0.001953125
0 0.3291015625 0.3603515625 0.001953125 0.001953125
0 0.669921875 0.3583984375 0.00390625 0.009765625
0 0.8154296875 0.3466796875 0.001953125 0.001953125
0 0.23046875 0.3662109375 0.01953125 0.041015625
0 0.353515625 0.3505859375 0.0078125 0.013671875
0 0.3173828125 0.34765625 0.005859375 0.0078125
0 0.126953125 0.3525390625 0.0390625 0.021484375
0 0.8115234375 0.375 0.052734375 0.0703125
0 0.30078125 0.3408203125 0.00390625 0.005859375
0 0.7958984375 0.33203125 0.001953125 0.00390625
0 0.8310546875 0.3251953125 0.001953125 0.001953125
0 0.8251953125 0.326171875 0.005859375 0.00390625
0 0.837890625 0.3212890625 0.00390625 0.001953125
0 0.7744140625 0.3203125 0.001953125 0.00390625
0 0.677734375 0.3212890625 0.00390625 0.005859375
0 0.822265625 0.3154296875 0.00390625 0.001953125
0 0.8154296875 0.3134765625 0.001953125 0.001953125
0 0.8349609375 0.314453125 0.013671875 0.0078125
0 0.787109375 0.302734375 0.00390625 0.00390625
0 0.8076171875 0.2978515625 0.001953125 0.001953125
0 0.83984375 0.294921875 0.0078125 0.01171875
0 0.73046875 0.4443359375 0.15234375 0.326171875
0 0.18359375 0.2978515625 0.046875 0.041015625
