0 0.865234375 0.9775390625 0.00390625 0.001953125
0 0.2275390625 0.76953125 0.013671875 0.01171875
0 0.2236328125 0.759765625 0.009765625 0.01171875
0 0.7099609375 0.6826171875 0.068359375 0.037109375
0 0.3388671875 0.67578125 0.060546875 0.03515625
0 0.1611328125 0.482421875 0.005859375 0.0078125
0 0.15234375 0.4814453125 0.00390625 0.005859375
0 0.8857421875 0.4892578125 0.005859375 0.025390625
0 0.146484375 0.474609375 0.00390625 0.0078125
0 0.7158203125 0.48828125 0.068359375 0.0390625
0 0.341796875 0.4775390625 0.0703125 0.037109375
0 0.890625 0.4345703125 0.01171875 0.060546875
0 0.8662109375 0.453125 0.013671875 0.09765625
0 0.16015625 0.435546875 0.015625 0.0859375
0 0.15234375 0.3994140625 0.015625 0.025390625
0 0.857421875 0.3544921875 0.015625 0.017578125
0 0.8193359375 0.353515625 0.021484375 0.02734375
0 0.220703125 0.3369140625 0.0078125 0.009765625
0 0.1708984375 0.3369140625 0.005859375 0.009765625
0 0.794921875 0.3369140625 0.01171875 0.017578125
0 0.244140625 0.3173828125 0.00390625 0.005859375
0 0.890625 0.2802734375 0.00390625 0.017578125
0 0.7958984375 0.265625 0.044921875 0.05078125
0 0.65625 0.2392578125 0.0078125 0.009765625
0 0.146484375 0.236328125 0.00390625 0.00390625
0 0.3203125 0.25 0.0390625 0.0390625
0 0.451171875 0.2314453125 0.0078125 0.009765625
0 0.173828125 0.240234375 0.015625 0.02734375
0 0.23828125 0.2412109375 0.015625 0.033203125
0 0.1748046875 0.171875 0.017578125 0.04296875
0 0.896484375 0.1162109375 0.00390625 0.009765625
0 0.896484375 0.0986328125 0.00390625 0.001953125
0 0.896484375 0.083984375 0.00390625 0.0234375
0 0.8974609375 0.0546875 0.005859375 0.0234375
0 0.8720703125 0.0546875 0.017578125 0.05078125
0 0.77734375 0.0498046875 0.01953125 0.044921875
0 0.8984375 0.01953125 0.00390625 0.0390625
