0 0.8505859375 0.9755859375 0.013671875 0.013671875
0 0.291015625 0.978515625 0.01171875 0.0390625
0 0.384765625 0.9716796875 0.046875 0.044921875
0 0.4697265625 0.955078125 0.060546875 0.046875
0 0.568359375 0.923828125 0.01171875 0.01171875
0 0.3076171875 0.91796875 0.009765625 0.015625
0 0.3662109375 0.9111328125 0.009765625 0.013671875
0 0.337890625 0.90625 0.015625 0.015625
0 0.69140625 0.8740234375 0.0078125 0.009765625
0 0.4013671875 0.8671875 0.013671875 0.01953125
0 0.8037109375 0.826171875 0.060546875 0.0546875
0 0.8642578125 0.7880859375 0.041015625 0.052734375
0 0.859375 0.7314453125 0.0078125 0.013671875
0 0.8701171875 0.7041015625 0.009765625 0.009765625
0 0.2138671875 0.646484375 0.009765625 0.03125
0 0.8994140625 0.61328125 0.005859375 0.0078125
0 0.2060546875 0.611328125 0.009765625 0.03125
0 0.275390625 0.568359375 0.015625 0.01953125
0 0.91015625 0.5205078125 0.00390625 0.005859375
0 0.9072265625 0.505859375 0.005859375 0.015625
0 0.9033203125 0.48828125 0.005859375 0.015625
0 0.896484375 0.4462890625 0.00390625 0.005859375
0 0.8935546875 0.4326171875 0.001953125 0.005859375
0 0.892578125 0.42578125 0.00390625 0.00390625
0 0.3603515625 0.4462890625 0.060546875 0.044921875
0 0.8896484375 0.4111328125 0.001953125 0.005859375
0 0.875 0.333984375 0.00390625 0.00390625
0 0.1552734375 0.30859375 0.001953125 0.00390625
0 0.7060546875 0.3193359375 0.064453125 0.052734375
0 0.1513671875 0.2919921875 0.001953125 0.005859375
0 0.1474609375 0.2763671875 0.001953125 0.005859375
0 0.1455078125 0.263671875 0.001953125 0.00390625
0 0.140625 0.2958984375 0.0390625 0.076171875
0 0.1435546875 0.2568359375 0.001953125 0.001953125
0 0.1416015625 0.2490234375 0.001953125 0.001953125
0 0.1279296875 0.2451171875 0.021484375 0.021484375
0 0.3212890625 0.2587890625 0.064453125 0.052734375
0 0.1162109375 0.220703125 0.005859375 0.01171875
0 0.1357421875 0.19140625 0.009765625 0.01171875
0 0.859375 0.2470703125 0.03125 0.130859375
0 0.1806640625 0.1748046875 0.009765625 0.009765625
0 0.1953125 0.1484375 0.0078125 0.01171875
0 0.6689453125 0.1337890625 0.068359375 0.052734375
0 0.123046875 0.1083984375 0.0078125 0.009765625
0 0.1162109375 0.0927734375 0.013671875 0.017578125
0 0.1767578125 0.0751953125 0.017578125 0.037109375
0 0.2529296875 0.056640625 0.041015625 0.04296875
0 0.103515625 0.03515625 0.01953125 0.0390625
0 0.8173828125 0.0888671875 0.056640625 0.177734375
0 0.06640625 0.0029296875 0.00390625 0.005859375
