0 0.103515625 0.916015625 0.0078125 0.03125
0 0.2333984375 0.8896484375 0.001953125 0.001953125
0 0.2265625 0.8916015625 0.01171875 0.017578125
0 0.109375 0.888671875 0.01171875 0.01953125
0 0.169921875 0.880859375 0.00390625 0.0078125
0 0.630859375 0.66796875 0.0546875 0.04296875
0 0.232421875 0.5986328125 0.015625 0.017578125
0 0.1669921875 0.5966796875 0.009765625 0.021484375
0 0.337890625 0.5595703125 0.05078125 0.033203125
0 0.7978515625 0.5234375 0.001953125 0.00390625
0 0.8017578125 0.5048828125 0.001953125 0.001953125
0 0.8046875 0.5302734375 0.01953125 0.072265625
0 0.6650390625 0.513671875 0.056640625 0.04296875
0 0.7900390625 0.52734375 0.025390625 0.08203125
0 0.7998046875 0.4453125 0.021484375 0.01953125
0 0.765625 0.4345703125 0.01953125 0.025390625
0 0.75 0.416015625 0.01171875 0.01953125
0 0.833984375 0.3935546875 0.0078125 0.025390625
0 0.3720703125 0.4013671875 0.056640625 0.044921875
0 0.205078125 0.3984375 0.01171875 0.05078125
0 0.841796875 0.3564453125 0.00390625 0.005859375
0 0.759765625 0.3583984375 0.0390625 0.044921875
0 0.8466796875 0.3359375 0.001953125 0.00390625
0 0.2236328125 0.302734375 0.005859375 0.0078125
0 0.654296875 0.2998046875 0.01171875 0.009765625
0 0.2265625 0.3251953125 0.02734375 0.064453125
0 0.2412109375 0.2919921875 0.001953125 0.001953125
0 0.85546875 0.2939453125 0.0078125 0.021484375
0 0.2421875 0.283203125 0.00390625 0.0078125
0 0.2333984375 0.2822265625 0.013671875 0.017578125
0 0.8486328125 0.271484375 0.001953125 0.00390625
0 0.8603515625 0.2705078125 0.005859375 0.009765625
0 0.2978515625 0.2578125 0.005859375 0.01171875
0 0.86328125 0.2529296875 0.00390625 0.009765625
0 0.3173828125 0.2470703125 0.001953125 0.009765625
0 0.2578125 0.2451171875 0.0078125 0.009765625
0 0.8671875 0.2412109375 0.00390625 0.005859375
0 0.49609375 0.236328125 0.0078125 0.01171875
0 0.8720703125 0.22265625 0.005859375 0.015625
0 0.875 0.2080078125 0.00390625 0.009765625
0 0.388671875 0.216796875 0.03125 0.03515625
0 0.8505859375 0.2158203125 0.021484375 0.044921875
0 0.87890625 0.19140625 0.00390625 0.00390625
0 0.3271484375 0.1875 0.017578125 0.02734375
0 0.8828125 0.1748046875 0.00390625 0.005859375
0 0.7783203125 0.1845703125 0.017578125 0.041015625
0 0.884765625 0.1611328125 0.00390625 0.001953125
0 0.275390625 0.1689453125 0.015625 0.025390625
0 0.8896484375 0.1396484375 0.005859375 0.009765625
0 0.2861328125 0.1162109375 0.013671875 0.037109375
0 0.8984375 0.095703125 0.015625 0.0625
0 0.8681640625 0.087890625 0.060546875 0.046875
0 0.802734375 0.0771484375 0.03125 0.029296875
0 0.2685546875 0.08203125 0.013671875 0.046875
