0 0.265625 0.9453125 0.01171875 0.03515625
0 0.259765625 0.91796875 0.00390625 0.0078125
0 0.330078125 0.9189453125 0.015625 0.021484375
0 0.408203125 0.8076171875 0.0546875 0.041015625
0 0.8818359375 0.7373046875 0.005859375 0.005859375
0 0.2138671875 0.7099609375 0.001953125 0.005859375
0 0.2216796875 0.7060546875 0.009765625 0.009765625
0 0.2099609375 0.69921875 0.009765625 0.015625
0 0.2099609375 0.6875 0.001953125 0.00390625
0 0.873046875 0.6865234375 0.00390625 0.005859375
0 0.72265625 0.6904296875 0.05859375 0.048828125
0 0.203125 0.6728515625 0.01171875 0.013671875
0 0.1982421875 0.658203125 0.005859375 0.01171875
0 0.865234375 0.6484375 0.0078125 0.0234375
0 0.2099609375 0.6318359375 0.001953125 0.001953125
0 0.19921875 0.630859375 0.015625 0.01171875
0 0.3720703125 0.640625 0.060546875 0.046875
0 0.8583984375 0.6142578125 0.009765625 0.037109375
0 0.1865234375 0.60546875 0.009765625 0.03125
0 0.853515625 0.587890625 0.00390625 0.00390625
0 0.2041015625 0.583984375 0.005859375 0.0078125
0 0.181640625 0.583984375 0.00390625 0.0078125
0 0.24609375 0.568359375 0.0078125 0.0078125
0 0.8515625 0.5703125 0.0078125 0.015625
0 0.259765625 0.5419921875 0.00390625 0.005859375
0 0.84375 0.5390625 0.00390625 0.0078125
0 0.841796875 0.5224609375 0.00390625 0.005859375
0 0.6884765625 0.525390625 0.060546875 0.046875
0 0.189453125 0.5009765625 0.015625 0.025390625
0 0.8369140625 0.4990234375 0.009765625 0.025390625
0 0.2412109375 0.4775390625 0.013671875 0.029296875
0 0.3115234375 0.4609375 0.033203125 0.03515625
0 0.1767578125 0.4453125 0.017578125 0.03515625
0 0.41796875 0.3994140625 0.0078125 0.009765625
0 0.8173828125 0.42578125 0.041015625 0.12109375
0 0.751953125 0.376953125 0.01953125 0.02734375
0 0.7255859375 0.37109375 0.013671875 0.01953125
0 0.80859375 0.3486328125 0.00390625 0.013671875
0 0.7841796875 0.3564453125 0.021484375 0.033203125
0 0.5888671875 0.3369140625 0.009765625 0.009765625
0 0.7138671875 0.3095703125 0.041015625 0.048828125
0 0.109375 0.265625 0.01953125 0.06640625
0 0.794921875 0.28125 0.0234375 0.11328125
0 0.0869140625 0.1640625 0.005859375 0.0078125
0 0.0908203125 0.1552734375 0.005859375 0.005859375
0 0.1728515625 0.171875 0.041015625 0.046875
0 0.126953125 0.14453125 0.00390625 0.00390625
0 0.7373046875 0.1337890625 0.001953125 0.001953125
0 0.17578125 0.1220703125 0.00390625 0.005859375
0 0.1826171875 0.119140625 0.001953125 0.00390625
0 0.6572265625 0.1357421875 0.017578125 0.041015625
0 0.73828125 0.107421875 0.0234375 0.04296875
0 0.76953125 0.150390625 0.02734375 0.1328125
0 0.5029296875 0.06640625 0.005859375 0.00390625
0 0.7548828125 0.072265625 0.005859375 0.01953125
0 0.380859375 0.0458984375 0.00390625 0.005859375
0 0.255859375 0.04296875 0.0078125 0.01171875
0 0.4267578125 0.029296875 0.001953125 0.00390625
0 0.7490234375 0.04296875 0.009765625 0.03515625
0 0.626953125 0.02734375 0.0078125 0.0078125
0 0.44140625 0.0224609375 0.0234375 0.013671875
