0 0.2060546875 0.8447265625 0.005859375 0.005859375
0 0.73046875 0.857421875 0.05859375 0.04296875
0 0.21875 0.8447265625 0.02734375 0.072265625
0 0.19921875 0.8115234375 0.00390625 0.005859375
0 0.873046875 0.8095703125 0.00390625 0.005859375
0 0.2060546875 0.8017578125 0.017578125 0.013671875
0 0.87109375 0.796875 0.00390625 0.0078125
0 0.3798828125 0.810546875 0.056640625 0.04296875
0 0.8671875 0.77734375 0.00390625 0.0078125
0 0.8642578125 0.763671875 0.005859375 0.015625
0 0.19140625 0.7705078125 0.01171875 0.048828125
0 0.861328125 0.7412109375 0.00390625 0.005859375
0 0.8515625 0.6943359375 0.00390625 0.005859375
0 0.6962890625 0.693359375 0.060546875 0.04296875
0 0.197265625 0.666015625 0.00390625 0.00390625
0 0.19140625 0.673828125 0.0078125 0.01953125
0 0.845703125 0.666015625 0.00390625 0.01171875
0 0.2470703125 0.6533203125 0.013671875 0.021484375
0 0.3193359375 0.6337890625 0.033203125 0.033203125
0 0.181640625 0.615234375 0.015625 0.0234375
0 0.8388671875 0.6220703125 0.009765625 0.044921875
0 0.822265625 0.611328125 0.02734375 0.0859375
0 0.4248046875 0.5693359375 0.005859375 0.001953125
0 0.83203125 0.5791015625 0.0078125 0.025390625
0 0.7607421875 0.544921875 0.017578125 0.0234375
0 0.734375 0.5400390625 0.015625 0.013671875
0 0.7939453125 0.5341796875 0.009765625 0.013671875
0 0.5986328125 0.5087890625 0.005859375 0.009765625
0 0.7236328125 0.4794921875 0.041015625 0.048828125
0 0.8046875 0.4521484375 0.00390625 0.005859375
0 0.8037109375 0.4384765625 0.005859375 0.005859375
0 0.80078125 0.427734375 0.00390625 0.00390625
0 0.7998046875 0.419921875 0.005859375 0.0078125
0 0.1123046875 0.4287109375 0.017578125 0.068359375
0 0.7890625 0.3662109375 0.00390625 0.005859375
0 0.7861328125 0.3525390625 0.005859375 0.013671875
0 0.78125 0.330078125 0.00390625 0.00390625
0 0.1796875 0.34375 0.03515625 0.0390625
0 0.099609375 0.3271484375 0.0078125 0.009765625
0 0.779296875 0.314453125 0.00390625 0.0078125
0 0.775390625 0.2958984375 0.00390625 0.005859375
0 0.6650390625 0.30859375 0.013671875 0.0390625
0 0.1806640625 0.2939453125 0.017578125 0.009765625
0 0.1962890625 0.2880859375 0.009765625 0.005859375
0 0.7734375 0.2861328125 0.00390625 0.009765625
0 0.2080078125 0.2822265625 0.005859375 0.005859375
0 0.748046875 0.27734375 0.01953125 0.04296875
0 0.76171875 0.2216796875 0.00390625 0.005859375
0 0.265625 0.2060546875 0.0078125 0.009765625
0 0.4580078125 0.1904296875 0.037109375 0.017578125
0 0.64453125 0.1865234375 0.03125 0.025390625
0 0.744140625 0.1318359375 0.00390625 0.005859375
0 0.7021484375 0.15234375 0.041015625 0.046875
0 0.7412109375 0.1162109375 0.005859375 0.005859375
0 0.73828125 0.1044921875 0.00390625 0.005859375
0 0.728515625 0.1044921875 0.00390625 0.005859375
0 0.701171875 0.1005859375 0.00390625 0.005859375
0 0.7119140625 0.0947265625 0.009765625 0.009765625
0 0.7275390625 0.0908203125 0.017578125 0.013671875
