0 0.38671875 0.9189453125 0.0546875 0.037109375
0 0.1953125 0.810546875 0.01171875 0.01953125
0 0.19140625 0.7890625 0.01171875 0.01953125
0 0.7041015625 0.798828125 0.056640625 0.04296875
0 0.1865234375 0.7685546875 0.013671875 0.029296875
0 0.3505859375 0.7490234375 0.056640625 0.037109375
0 0.84375 0.7294921875 0.00390625 0.005859375
0 0.83984375 0.7099609375 0.00390625 0.009765625
0 0.169921875 0.728515625 0.03125 0.078125
0 0.16796875 0.6171875 0.00390625 0.00390625
0 0.6708984375 0.630859375 0.060546875 0.046875
0 0.1611328125 0.609375 0.009765625 0.015625
0 0.216796875 0.5888671875 0.015625 0.021484375
0 0.814453125 0.5712890625 0.00390625 0.005859375
0 0.2880859375 0.5693359375 0.033203125 0.029296875
0 0.1494140625 0.55078125 0.013671875 0.01953125
0 0.810546875 0.5458984375 0.0078125 0.033203125
0 0.8056640625 0.5185546875 0.005859375 0.005859375
0 0.794921875 0.5498046875 0.02734375 0.087890625
0 0.8017578125 0.5029296875 0.005859375 0.001953125
0 0.7333984375 0.484375 0.017578125 0.0234375
0 0.708984375 0.4775390625 0.01171875 0.017578125
0 0.7666015625 0.4697265625 0.009765625 0.013671875
0 0.5703125 0.447265625 0.00390625 0.0078125
0 0.7880859375 0.4365234375 0.005859375 0.005859375
0 0.78125 0.4013671875 0.00390625 0.005859375
0 0.6962890625 0.4169921875 0.041015625 0.044921875
0 0.7783203125 0.3828125 0.005859375 0.01171875
0 0.7744140625 0.3662109375 0.005859375 0.005859375
0 0.76953125 0.33984375 0.00390625 0.00390625
0 0.767578125 0.3310546875 0.00390625 0.005859375
0 0.763671875 0.3125 0.00390625 0.0078125
0 0.76171875 0.296875 0.00390625 0.0078125
0 0.1494140625 0.275390625 0.029296875 0.03125
0 0.7568359375 0.271484375 0.009765625 0.02734375
0 0.1005859375 0.251953125 0.001953125 0.00390625
0 0.6376953125 0.240234375 0.017578125 0.0390625
0 0.7470703125 0.2236328125 0.005859375 0.009765625
0 0.1640625 0.2236328125 0.015625 0.009765625
0 0.7431640625 0.205078125 0.005859375 0.01171875
0 0.7197265625 0.2109375 0.021484375 0.0390625
0 0.740234375 0.1875 0.00390625 0.00390625
0 0.736328125 0.1708984375 0.00390625 0.005859375
0 0.2392578125 0.142578125 0.005859375 0.0078125
0 0.7294921875 0.1328125 0.005859375 0.01171875
0 0.423828125 0.1259765625 0.0234375 0.013671875
0 0.443359375 0.119140625 0.01171875 0.0078125
0 0.615234375 0.12109375 0.03125 0.0234375
0 0.72265625 0.09765625 0.00390625 0.0078125
0 0.71875 0.078125 0.00390625 0.0078125
0 0.6748046875 0.0849609375 0.044921875 0.048828125
0 0.6982421875 0.04296875 0.041015625 0.05078125
