0 0.7158203125 0.9951171875 0.052734375 0.009765625
0 0.859375 0.994140625 0.0078125 0.01171875
0 0.2744140625 0.9912109375 0.072265625 0.013671875
0 0.240234375 0.9755859375 0.00390625 0.005859375
0 0.703125 0.9853515625 0.07421875 0.029296875
0 0.3017578125 0.97265625 0.017578125 0.0078125
0 0.2685546875 0.9716796875 0.009765625 0.005859375
0 0.818359375 0.9765625 0.0390625 0.03125
0 0.1748046875 0.974609375 0.041015625 0.02734375
0 0.8720703125 0.974609375 0.005859375 0.03515625
0 0.1103515625 0.9765625 0.017578125 0.046875
0 0.875 0.9150390625 0.00390625 0.001953125
0 0.7041015625 0.8330078125 0.068359375 0.048828125
0 0.3056640625 0.83203125 0.068359375 0.05078125
0 0.130859375 0.724609375 0.0078125 0.01953125
0 0.1220703125 0.7001953125 0.001953125 0.001953125
0 0.1328125 0.693359375 0.00390625 0.00390625
0 0.0947265625 0.6943359375 0.005859375 0.005859375
0 0.1220703125 0.689453125 0.001953125 0.0078125
0 0.09375 0.677734375 0.0078125 0.0234375
0 0.875 0.7138671875 0.03515625 0.107421875
0 0.1064453125 0.708984375 0.029296875 0.1171875
0 0.88671875 0.625 0.00390625 0.00390625
0 0.5703125 0.623046875 0.01171875 0.01171875
0 0.42578125 0.623046875 0.0078125 0.01171875
0 0.7080078125 0.623046875 0.068359375 0.0390625
0 0.30859375 0.615234375 0.0703125 0.0390625
0 0.7880859375 0.6083984375 0.052734375 0.056640625
0 0.2099609375 0.5966796875 0.052734375 0.052734375
0 0.7890625 0.541015625 0.0078125 0.01171875
0 0.890625 0.5205078125 0.00390625 0.005859375
0 0.8095703125 0.517578125 0.013671875 0.01171875
0 0.2041015625 0.517578125 0.009765625 0.01171875
0 0.8623046875 0.5146484375 0.017578125 0.017578125
0 0.890625 0.509765625 0.00390625 0.01171875
0 0.13671875 0.4990234375 0.0078125 0.013671875
0 0.1728515625 0.5 0.017578125 0.01953125
0 0.890625 0.484375 0.00390625 0.0078125
0 0.890625 0.474609375 0.00390625 0.00390625
0 0.2548828125 0.484375 0.017578125 0.0234375
0 0.890625 0.453125 0.00390625 0.01171875
0 0.892578125 0.41796875 0.00390625 0.0546875
0 0.9013671875 0.1904296875 0.005859375 0.005859375
0 0.900390625 0.181640625 0.00390625 0.0078125
0 0.9013671875 0.140625 0.005859375 0.0625
0 0.1875 0.08984375 0.01953125 0.02734375
0 0.904296875 0.0322265625 0.00390625 0.013671875
0 0.9052734375 0.0107421875 0.005859375 0.021484375
0 0.72265625 0.0185546875 0.078125 0.037109375
0 0.3134765625 0.0068359375 0.068359375 0.013671875
