0 0.3154296875 0.9931640625 0.005859375 0.005859375
0 0.3232421875 0.9912109375 0.001953125 0.009765625
0 0.3212890625 0.9833984375 0.001953125 0.001953125
0 0.3134765625 0.9853515625 0.005859375 0.005859375
0 0.3232421875 0.9716796875 0.001953125 0.001953125
0 0.369140625 0.9560546875 0.0390625 0.029296875
0 0.435546875 0.9443359375 0.015625 0.009765625
0 0.455078125 0.9345703125 0.01953125 0.009765625
0 0.4765625 0.9267578125 0.01953125 0.009765625
0 0.4921875 0.9208984375 0.00390625 0.001953125
0 0.693359375 0.8544921875 0.03125 0.017578125
0 0.2763671875 0.8310546875 0.001953125 0.001953125
0 0.271484375 0.8115234375 0.00390625 0.005859375
0 0.787109375 0.8203125 0.1484375 0.0546875
0 0.8193359375 0.7861328125 0.037109375 0.033203125
0 0.267578125 0.775390625 0.0234375 0.0390625
0 0.455078125 0.7802734375 0.0625 0.052734375
0 0.2744140625 0.7578125 0.001953125 0.0078125
0 0.2724609375 0.7392578125 0.001953125 0.001953125
0 0.2685546875 0.720703125 0.001953125 0.00390625
0 0.25390625 0.720703125 0.01953125 0.06640625
0 0.2373046875 0.6630859375 0.013671875 0.044921875
0 0.2275390625 0.6240234375 0.005859375 0.009765625
0 0.8046875 0.6455078125 0.06640625 0.056640625
0 0.2265625 0.615234375 0.00390625 0.00390625
0 0.326171875 0.611328125 0.046875 0.046875
0 0.41796875 0.59375 0.0625 0.046875
0 0.5185546875 0.5615234375 0.009765625 0.009765625
0 0.2451171875 0.5517578125 0.009765625 0.013671875
0 0.306640625 0.5458984375 0.0078125 0.009765625
0 0.27734375 0.541015625 0.015625 0.015625
0 0.6494140625 0.5107421875 0.005859375 0.009765625
0 0.3447265625 0.49609375 0.013671875 0.0234375
0 0.7685546875 0.4619140625 0.064453125 0.048828125
0 0.8349609375 0.421875 0.048828125 0.0546875
0 0.822265625 0.3603515625 0.01171875 0.013671875
0 0.837890625 0.3330078125 0.01171875 0.013671875
0 0.15234375 0.294921875 0.00390625 0.00390625
0 0.884765625 0.3056640625 0.015625 0.033203125
0 0.1376953125 0.287109375 0.005859375 0.0078125
0 0.1494140625 0.2783203125 0.005859375 0.005859375
0 0.130859375 0.27734375 0.0078125 0.0078125
0 0.14453125 0.2548828125 0.00390625 0.005859375
0 0.876953125 0.236328125 0.00390625 0.00390625
0 0.1396484375 0.236328125 0.001953125 0.0078125
0 0.8701171875 0.2275390625 0.005859375 0.009765625
0 0.212890625 0.1708984375 0.00390625 0.005859375
0 0.2080078125 0.1748046875 0.013671875 0.021484375
0 0.2998046875 0.0478515625 0.064453125 0.048828125
0 0.8759765625 0.1318359375 0.052734375 0.263671875
