0 0.125 0.94140625 0.00390625 0.00390625
0 0.3720703125 0.9365234375 0.001953125 0.001953125
0 0.751953125 0.921875 0.00390625 0.0078125
0 0.1279296875 0.919921875 0.001953125 0.0078125
0 0.1298828125 0.9111328125 0.001953125 0.001953125
0 0.755859375 0.904296875 0.00390625 0.0078125
0 0.7412109375 0.9033203125 0.005859375 0.025390625
0 0.2841796875 0.908203125 0.052734375 0.0390625
0 0.7568359375 0.892578125 0.005859375 0.01171875
0 0.1171875 0.927734375 0.0390625 0.09375
0 0.74609375 0.880859375 0.00390625 0.0078125
0 0.76171875 0.8759765625 0.00390625 0.009765625
0 0.765625 0.8642578125 0.00390625 0.005859375
0 0.7490234375 0.861328125 0.001953125 0.00390625
0 0.765625 0.8544921875 0.00390625 0.005859375
0 0.2119140625 0.8701171875 0.041015625 0.041015625
0 0.7705078125 0.8388671875 0.005859375 0.009765625
0 0.2177734375 0.8076171875 0.005859375 0.009765625
0 0.7763671875 0.8154296875 0.009765625 0.033203125
0 0.7802734375 0.794921875 0.001953125 0.00390625
0 0.1318359375 0.8212890625 0.013671875 0.060546875
0 0.2607421875 0.7958984375 0.013671875 0.017578125
0 0.1982421875 0.787109375 0.013671875 0.01171875
0 0.169921875 0.77734375 0.0078125 0.01171875
0 0.7880859375 0.765625 0.005859375 0.015625
0 0.791015625 0.7490234375 0.00390625 0.005859375
0 0.7939453125 0.7353515625 0.005859375 0.005859375
0 0.7978515625 0.7177734375 0.001953125 0.005859375
0 0.8056640625 0.6845703125 0.005859375 0.005859375
0 0.8125 0.6533203125 0.00390625 0.005859375
0 0.8173828125 0.6357421875 0.005859375 0.005859375
0 0.8212890625 0.6201171875 0.005859375 0.017578125
0 0.82421875 0.6025390625 0.00390625 0.005859375
0 0.828125 0.5849609375 0.00390625 0.005859375
0 0.8349609375 0.552734375 0.005859375 0.00390625
0 0.685546875 0.560546875 0.05859375 0.046875
0 0.841796875 0.51953125 0.01171875 0.04296875
0 0.830078125 0.5078125 0.01171875 0.03125
0 0.2685546875 0.486328125 0.013671875 0.01953125
0 0.1953125 0.4990234375 0.01171875 0.044921875
0 0.201171875 0.4716796875 0.00390625 0.005859375
0 0.37890625 0.4462890625 0.0546875 0.041015625
0 0.8251953125 0.427734375 0.009765625 0.0078125
0 0.2109375 0.423828125 0.00390625 0.00390625
0 0.7216796875 0.3994140625 0.060546875 0.048828125
0 0.87109375 0.4130859375 0.02734375 0.080078125
0 0.8349609375 0.3759765625 0.068359375 0.185546875
0 0.8701171875 0.28125 0.013671875 0.046875
0 0.4130859375 0.279296875 0.060546875 0.046875
0 0.87109375 0.23046875 0.01953125 0.03125
0 0.8212890625 0.2373046875 0.044921875 0.056640625
0 0.2705078125 0.2021484375 0.001953125 0.001953125
0 0.2724609375 0.189453125 0.001953125 0.0078125
0 0.7099609375 0.1748046875 0.013671875 0.013671875
0 0.27734375 0.1669921875 0.00390625 0.009765625
0 0.8837890625 0.1533203125 0.009765625 0.021484375
0 0.2646484375 0.1845703125 0.029296875 0.095703125
0 0.853515625 0.13671875 0.00390625 0.0078125
0 0.26953125 0.1318359375 0.00390625 0.005859375
0 0.3359375 0.1259765625 0.0078125 0.013671875
0 0.3564453125 0.1142578125 0.009765625 0.009765625
0 0.2939453125 0.1123046875 0.009765625 0.013671875
0 0.8701171875 0.1298828125 0.021484375 0.052734375
0 0.8544921875 0.1044921875 0.005859375 0.009765625
0 0.8623046875 0.1025390625 0.005859375 0.009765625
0 0.5458984375 0.10546875 0.009765625 0.015625
0 0.2763671875 0.09765625 0.001953125 0.00390625
0 0.8759765625 0.0830078125 0.001953125 0.001953125
0 0.4326171875 0.083984375 0.037109375 0.03515625
0 0.896484375 0.064453125 0.0078125 0.0078125
0 0.283203125 0.0634765625 0.00390625 0.005859375
0 0.8115234375 0.0615234375 0.005859375 0.005859375
0 0.7568359375 0.05078125 0.001953125 0.00390625
0 0.2861328125 0.046875 0.001953125 0.00390625
0 0.8876953125 0.0625 0.025390625 0.0390625
0 0.841796875 0.05859375 0.0234375 0.0390625
0 0.3671875 0.0517578125 0.015625 0.029296875
0 0.3134765625 0.0361328125 0.013671875 0.021484375
