0 0.5556640625 0.6865234375 0.001953125 0.001953125
0 0.5498046875 0.6826171875 0.005859375 0.005859375
0 0.5419921875 0.6796875 0.005859375 0.0078125
0 0.53515625 0.6767578125 0.00390625 0.005859375
0 0.5283203125 0.6748046875 0.005859375 0.005859375
0 0.51953125 0.6728515625 0.00390625 0.005859375
0 0.513671875 0.669921875 0.00390625 0.00390625
0 0.5390625 0.6689453125 0.015625 0.009765625
0 0.435546875 0.6416015625 0.00390625 0.005859375
0 0.4248046875 0.638671875 0.005859375 0.0078125
0 0.9375 0.6376953125 0.01953125 0.009765625
0 0.80859375 0.63671875 0.03125 0.0078125
0 0.169921875 0.626953125 0.015625 0.0078125
0 0.04296875 0.6259765625 0.01953125 0.009765625
0 0.8505859375 0.6240234375 0.025390625 0.009765625
0 0.3984375 0.6279296875 0.03515625 0.017578125
0 0.7353515625 0.6220703125 0.021484375 0.009765625
0 0.37109375 0.6181640625 0.0078125 0.005859375
0 0.3583984375 0.61328125 0.001953125 0.00390625
0 0.1298828125 0.6123046875 0.025390625 0.009765625
0 0.7734375 0.611328125 0.01953125 0.01171875
0 0.662109375 0.609375 0.01953125 0.0078125
0 0.34765625 0.609375 0.01171875 0.0078125
0 0.3310546875 0.603515625 0.001953125 0.00390625
0 0.205078125 0.6015625 0.01953125 0.0078125
0 0.318359375 0.599609375 0.01171875 0.0078125
0 0.2998046875 0.5888671875 0.005859375 0.005859375
0 0.20703125 0.587890625 0.06640625 0.0078125
0 0.2744140625 0.5869140625 0.017578125 0.013671875
0 0.2890625 0.5771484375 0.00390625 0.005859375
0 0.279296875 0.5771484375 0.00390625 0.005859375
0 0.5009765625 0.58203125 0.029296875 0.0234375
0 0.2236328125 0.564453125 0.005859375 0.0078125
0 0.587890625 0.564453125 0.01171875 0.03125
0 0.5908203125 0.537109375 0.005859375 0.01171875
0 0.5791015625 0.5537109375 0.013671875 0.048828125
0 0.3369140625 0.51953125 0.001953125 0.00390625
0 0.7529296875 0.5302734375 0.041015625 0.048828125
0 0.3232421875 0.515625 0.017578125 0.01953125
0 0.556640625 0.4990234375 0.0234375 0.021484375
0 0.5205078125 0.490234375 0.029296875 0.0234375
0 0.5634765625 0.4677734375 0.001953125 0.001953125
0 0.171875 0.4697265625 0.00390625 0.005859375
0 0.59765625 0.4677734375 0.00390625 0.005859375
0 0.57421875 0.4599609375 0.00390625 0.001953125
0 0.8056640625 0.4619140625 0.041015625 0.048828125
0 0.703125 0.4599609375 0.0390625 0.048828125
0 0.2529296875 0.4296875 0.001953125 0.00390625
0 0.822265625 0.4296875 0.01171875 0.01171875
0 0.171875 0.447265625 0.03515625 0.046875
0 0.8232421875 0.4189453125 0.001953125 0.001953125
0 0.2548828125 0.4208984375 0.001953125 0.009765625
0 0.8193359375 0.4150390625 0.001953125 0.001953125
0 0.345703125 0.42578125 0.02734375 0.0234375
0 0.302734375 0.4033203125 0.01953125 0.017578125
0 0.2529296875 0.39453125 0.009765625 0.0234375
0 0.7421875 0.3818359375 0.00390625 0.005859375
0 0.7568359375 0.390625 0.041015625 0.046875
0 0.3076171875 0.3681640625 0.001953125 0.001953125
0 0.3291015625 0.361328125 0.005859375 0.00390625
0 0.2109375 0.373046875 0.01171875 0.03125
0 0.294921875 0.3544921875 0.00390625 0.005859375
0 0.83984375 0.32421875 0.00390625 0.0078125
0 0.1767578125 0.3173828125 0.025390625 0.025390625
0 0.8125 0.3359375 0.05078125 0.078125
0 0.7080078125 0.4501953125 0.197265625 0.306640625
0 0.7060546875 0.3193359375 0.041015625 0.048828125
