0 0.2939453125 0.93359375 0.001953125 0.0078125
0 0.2919921875 0.9248046875 0.005859375 0.005859375
0 0.3505859375 0.8955078125 0.037109375 0.029296875
0 0.451171875 0.853515625 0.0078125 0.0078125
0 0.46484375 0.84765625 0.0078125 0.0078125
0 0.5537109375 0.84375 0.033203125 0.015625
0 0.583984375 0.83203125 0.015625 0.01171875
0 0.595703125 0.8271484375 0.00390625 0.005859375
0 0.6513671875 0.8056640625 0.001953125 0.005859375
0 0.666015625 0.7998046875 0.00390625 0.005859375
0 0.6826171875 0.794921875 0.005859375 0.0078125
0 0.6953125 0.7900390625 0.00390625 0.005859375
0 0.724609375 0.7783203125 0.0078125 0.005859375
0 0.744140625 0.7705078125 0.00390625 0.005859375
0 0.7509765625 0.7666015625 0.001953125 0.005859375
0 0.759765625 0.763671875 0.0078125 0.0078125
0 0.7763671875 0.7587890625 0.017578125 0.009765625
0 0.791015625 0.751953125 0.0078125 0.0078125
0 0.8173828125 0.7333984375 0.001953125 0.001953125
0 0.81640625 0.740234375 0.0390625 0.0234375
0 0.904296875 0.7353515625 0.0390625 0.025390625
0 0.8125 0.7236328125 0.04296875 0.037109375
0 0.255859375 0.7041015625 0.01171875 0.017578125
0 0.4375 0.71484375 0.0625 0.046875
0 0.2548828125 0.6884765625 0.001953125 0.001953125
0 0.2353515625 0.6748046875 0.025390625 0.103515625
0 0.2158203125 0.6015625 0.009765625 0.03125
0 0.208984375 0.5693359375 0.00390625 0.005859375
0 0.7939453125 0.5810546875 0.064453125 0.056640625
0 0.3056640625 0.5439453125 0.044921875 0.048828125
0 0.3974609375 0.5283203125 0.064453125 0.048828125
0 0.50390625 0.4951171875 0.0078125 0.005859375
0 0.22265625 0.4853515625 0.01171875 0.013671875
0 0.287109375 0.4794921875 0.0078125 0.005859375
0 0.2568359375 0.4736328125 0.013671875 0.017578125
0 0.6328125 0.4443359375 0.0078125 0.009765625
0 0.32421875 0.427734375 0.015625 0.0234375
0 0.755859375 0.3935546875 0.0625 0.048828125
0 0.8232421875 0.353515625 0.052734375 0.0546875
0 0.8115234375 0.29296875 0.009765625 0.01171875
0 0.888671875 0.2841796875 0.00390625 0.001953125
0 0.88671875 0.2724609375 0.01171875 0.017578125
0 0.8251953125 0.263671875 0.013671875 0.015625
0 0.873046875 0.240234375 0.01953125 0.03125
0 0.126953125 0.208984375 0.00390625 0.00390625
0 0.1240234375 0.1962890625 0.005859375 0.009765625
0 0.1181640625 0.1708984375 0.005859375 0.005859375
0 0.8671875 0.1640625 0.00390625 0.00390625
0 0.859375 0.154296875 0.00390625 0.0078125
0 0.189453125 0.0966796875 0.00390625 0.001953125
0 0.1875 0.103515625 0.015625 0.01953125
0 0.87890625 0.14453125 0.03515625 0.17578125
