0 0.42578125 0.9638671875 0.0078125 0.005859375
0 0.3974609375 0.9619140625 0.009765625 0.005859375
0 0.208984375 0.9609375 0.00390625 0.00390625
0 0.759765625 0.958984375 0.00390625 0.00390625
0 0.74609375 0.958984375 0.01171875 0.00390625
0 0.7099609375 0.9599609375 0.052734375 0.005859375
0 0.6806640625 0.958984375 0.001953125 0.00390625
0 0.673828125 0.9599609375 0.0078125 0.005859375
0 0.630859375 0.9599609375 0.03515625 0.005859375
0 0.4677734375 0.9619140625 0.048828125 0.009765625
0 0.845703125 0.95703125 0.00390625 0.00390625
0 0.810546875 0.9580078125 0.04296875 0.005859375
0 0.248046875 0.9541015625 0.02734375 0.005859375
0 0.8681640625 0.9541015625 0.037109375 0.013671875
0 0.7177734375 0.94921875 0.072265625 0.0078125
0 0.103515625 0.9521484375 0.0234375 0.025390625
0 0.892578125 0.939453125 0.00390625 0.00390625
0 0.7392578125 0.9287109375 0.025390625 0.005859375
0 0.69921875 0.93359375 0.0390625 0.015625
0 0.1630859375 0.935546875 0.044921875 0.0234375
0 0.08984375 0.923828125 0.00390625 0.00390625
0 0.8359375 0.931640625 0.0390625 0.03125
0 0.08984375 0.904296875 0.00390625 0.00390625
0 0.697265625 0.77734375 0.03515625 0.03515625
0 0.3125 0.775390625 0.04296875 0.03515625
0 0.708984375 0.7568359375 0.00390625 0.001953125
0 0.283203125 0.779296875 0.03515625 0.046875
0 0.73046875 0.77734375 0.0390625 0.046875
0 0.076171875 0.7041015625 0.00390625 0.005859375
0 0.0751953125 0.6953125 0.005859375 0.0078125
0 0.0751953125 0.6767578125 0.005859375 0.009765625
0 0.0927734375 0.6767578125 0.025390625 0.048828125
0 0.0908203125 0.6484375 0.001953125 0.0078125
0 0.8935546875 0.625 0.001953125 0.00390625
0 0.908203125 0.6552734375 0.01171875 0.107421875
0 0.88671875 0.6513671875 0.0234375 0.107421875
0 0.0927734375 0.6201171875 0.025390625 0.052734375
0 0.0849609375 0.5859375 0.005859375 0.01953125
0 0.5751953125 0.5615234375 0.001953125 0.005859375
0 0.421875 0.5634765625 0.00390625 0.009765625
0 0.7177734375 0.5576171875 0.072265625 0.037109375
0 0.3017578125 0.5556640625 0.068359375 0.041015625
0 0.802734375 0.5439453125 0.0546875 0.052734375
0 0.1982421875 0.537109375 0.048828125 0.0546875
0 0.8046875 0.470703125 0.0078125 0.0078125
0 0.189453125 0.4560546875 0.00390625 0.005859375
0 0.880859375 0.4462890625 0.015625 0.017578125
0 0.82421875 0.4453125 0.01171875 0.015625
0 0.158203125 0.435546875 0.01953125 0.01171875
0 0.1201171875 0.435546875 0.009765625 0.01171875
0 0.244140625 0.41796875 0.01953125 0.0234375
0 0.91015625 0.3896484375 0.00390625 0.009765625
0 0.08203125 0.3525390625 0.0078125 0.048828125
0 0.0830078125 0.3095703125 0.005859375 0.013671875
0 0.08203125 0.291015625 0.00390625 0.01171875
0 0.078125 0.0537109375 0.00390625 0.048828125
0 0.0771484375 0.021484375 0.005859375 0.01171875
0 0.1728515625 0.0166015625 0.013671875 0.005859375
