0 0.7529296875 0.875 0.005859375 0.00390625
0 0.7060546875 0.8759765625 0.005859375 0.005859375
0 0.6904296875 0.8759765625 0.005859375 0.005859375
0 0.6171875 0.875 0.00390625 0.00390625
0 0.6728515625 0.873046875 0.001953125 0.00390625
0 0.662109375 0.873046875 0.0078125 0.00390625
0 0.857421875 0.8720703125 0.00390625 0.005859375
0 0.8466796875 0.8720703125 0.005859375 0.005859375
0 0.8701171875 0.869140625 0.009765625 0.0078125
0 0.111328125 0.8681640625 0.01171875 0.005859375
0 0.73046875 0.8603515625 0.00390625 0.001953125
0 0.6962890625 0.86328125 0.013671875 0.0078125
0 0.6796875 0.86328125 0.00390625 0.0078125
0 0.107421875 0.8583984375 0.00390625 0.005859375
0 0.7431640625 0.85546875 0.001953125 0.00390625
0 0.7119140625 0.845703125 0.068359375 0.01171875
0 0.173828125 0.849609375 0.0390625 0.0234375
0 0.8251953125 0.8466796875 0.037109375 0.029296875
0 0.103515625 0.8330078125 0.00390625 0.009765625
0 0.6923828125 0.6953125 0.033203125 0.03515625
0 0.30859375 0.6943359375 0.06640625 0.037109375
0 0.724609375 0.6923828125 0.0390625 0.037109375
0 0.884765625 0.62109375 0.00390625 0.0078125
0 0.1201171875 0.595703125 0.001953125 0.01171875
0 0.0908203125 0.60546875 0.005859375 0.03125
0 0.1181640625 0.572265625 0.005859375 0.03125
0 0.884765625 0.546875 0.0078125 0.01171875
0 0.0888671875 0.5361328125 0.005859375 0.009765625
0 0.8916015625 0.5732421875 0.017578125 0.099609375
0 0.88671875 0.52734375 0.0078125 0.0078125
0 0.8740234375 0.57421875 0.017578125 0.10546875
0 0.0888671875 0.5244140625 0.005859375 0.005859375
0 0.1083984375 0.56640625 0.029296875 0.109375
0 0.5712890625 0.4853515625 0.001953125 0.001953125
0 0.42578125 0.4892578125 0.00390625 0.009765625
0 0.7138671875 0.4833984375 0.068359375 0.037109375
0 0.30859375 0.4794921875 0.0703125 0.037109375
0 0.794921875 0.46875 0.05078125 0.05078125
0 0.20703125 0.462890625 0.05078125 0.0546875
0 0.794921875 0.400390625 0.00390625 0.01171875
0 0.19921875 0.3828125 0.0078125 0.0078125
0 0.814453125 0.376953125 0.0078125 0.01171875
0 0.869140625 0.3740234375 0.015625 0.017578125
0 0.1708984375 0.3662109375 0.017578125 0.017578125
0 0.1328125 0.3642578125 0.01171875 0.013671875
0 0.2587890625 0.3525390625 0.001953125 0.001953125
0 0.2529296875 0.345703125 0.017578125 0.0234375
0 0.0966796875 0.30078125 0.005859375 0.0234375
0 0.095703125 0.2822265625 0.00390625 0.009765625
0 0.0947265625 0.2529296875 0.001953125 0.009765625
0 0.0966796875 0.232421875 0.005859375 0.01171875
0 0.90234375 0.17578125 0.00390625 0.015625
0 0.9033203125 0.123046875 0.001953125 0.00390625
