0 0.4833984375 0.6943359375 0.005859375 0.005859375
0 0.51171875 0.6748046875 0.01953125 0.009765625
0 0.9482421875 0.638671875 0.005859375 0.0078125
0 0.302734375 0.630859375 0.01953125 0.0078125
0 0.169921875 0.6279296875 0.0234375 0.009765625
0 0.041015625 0.626953125 0.0234375 0.0078125
0 0.3740234375 0.6181640625 0.013671875 0.005859375
0 0.2509765625 0.6171875 0.013671875 0.0078125
0 0.126953125 0.6142578125 0.02734375 0.009765625
0 0.1103515625 0.6123046875 0.001953125 0.005859375
0 0.435546875 0.6064453125 0.015625 0.005859375
0 0.3212890625 0.603515625 0.021484375 0.0078125
0 0.203125 0.6025390625 0.02734375 0.009765625
0 0.7998046875 0.5966796875 0.021484375 0.013671875
0 0.7451171875 0.5908203125 0.001953125 0.001953125
0 0.322265625 0.591796875 0.2578125 0.01171875
0 0.78125 0.5908203125 0.0234375 0.021484375
0 0.740234375 0.5888671875 0.02734375 0.017578125
0 0.5556640625 0.5869140625 0.029296875 0.021484375
0 0.455078125 0.5576171875 0.0234375 0.060546875
0 0.4443359375 0.521484375 0.005859375 0.00390625
0 0.728515625 0.5224609375 0.03515625 0.025390625
0 0.4296875 0.5244140625 0.0234375 0.048828125
0 0.3310546875 0.5224609375 0.037109375 0.048828125
0 0.220703125 0.51953125 0.0390625 0.046875
0 0.4921875 0.50390625 0.01953125 0.0234375
0 0.5361328125 0.494140625 0.029296875 0.0234375
0 0.4521484375 0.4736328125 0.001953125 0.001953125
0 0.4677734375 0.46875 0.005859375 0.0078125
0 0.6513671875 0.4541015625 0.001953125 0.001953125
0 0.5 0.4443359375 0.0078125 0.013671875
0 0.275390625 0.4501953125 0.0390625 0.048828125
0 0.384765625 0.4501953125 0.0390625 0.052734375
0 0.166015625 0.4296875 0.03125 0.015625
0 0.7099609375 0.4287109375 0.033203125 0.025390625
0 0.7431640625 0.41015625 0.025390625 0.0234375
0 0.73828125 0.3798828125 0.00390625 0.005859375
0 0.744140625 0.3662109375 0.0078125 0.005859375
0 0.330078125 0.3798828125 0.0390625 0.048828125
0 0.4091796875 0.3544921875 0.001953125 0.001953125
0 0.76953125 0.3564453125 0.0078125 0.009765625
0 0.2197265625 0.3759765625 0.041015625 0.048828125
0 0.7783203125 0.3486328125 0.013671875 0.041015625
0 0.83984375 0.328125 0.01171875 0.015625
0 0.173828125 0.322265625 0.0234375 0.01171875
0 0.84375 0.3125 0.0078125 0.0078125
0 0.18359375 0.30859375 0.0078125 0.01171875
0 0.2763671875 0.310546875 0.041015625 0.04296875
0 0.3818359375 0.3046875 0.029296875 0.05859375
