0 0.7470703125 0.87109375 0.001953125 0.00390625
0 0.62109375 0.78125 0.0546875 0.04296875
0 0.2119140625 0.71484375 0.013671875 0.01953125
0 0.1474609375 0.7041015625 0.009765625 0.029296875
0 0.791015625 0.6767578125 0.00390625 0.009765625
0 0.7939453125 0.6650390625 0.005859375 0.009765625
0 0.3212890625 0.6767578125 0.048828125 0.037109375
0 0.7978515625 0.615234375 0.001953125 0.00390625
0 0.65625 0.626953125 0.05859375 0.04296875
0 0.791015625 0.640625 0.0390625 0.08203125
0 0.16796875 0.59765625 0.00390625 0.00390625
0 0.7900390625 0.55859375 0.013671875 0.015625
0 0.802734375 0.55078125 0.00390625 0.00390625
0 0.8193359375 0.5517578125 0.005859375 0.009765625
0 0.822265625 0.5361328125 0.00390625 0.001953125
0 0.759765625 0.546875 0.01953125 0.0234375
0 0.1845703125 0.521484375 0.005859375 0.0078125
0 0.7421875 0.525390625 0.01171875 0.01953125
0 0.830078125 0.5009765625 0.00390625 0.009765625
0 0.3544921875 0.5146484375 0.056640625 0.041015625
0 0.1884765625 0.49609375 0.009765625 0.03125
0 0.201171875 0.4638671875 0.015625 0.013671875
0 0.83984375 0.4580078125 0.00390625 0.005859375
0 0.755859375 0.4697265625 0.03515625 0.044921875
0 0.19921875 0.4365234375 0.00390625 0.005859375
0 0.84375 0.4365234375 0.00390625 0.009765625
0 0.201171875 0.4287109375 0.00390625 0.005859375
0 0.203125 0.4150390625 0.00390625 0.005859375
0 0.6474609375 0.4091796875 0.005859375 0.013671875
0 0.2138671875 0.4306640625 0.017578125 0.060546875
0 0.21484375 0.3916015625 0.015625 0.013671875
0 0.857421875 0.376953125 0.00390625 0.0078125
0 0.859375 0.3681640625 0.00390625 0.005859375
0 0.2783203125 0.3671875 0.005859375 0.0078125
0 0.298828125 0.35546875 0.00390625 0.00390625
0 0.86328125 0.3525390625 0.00390625 0.005859375
0 0.2373046875 0.353515625 0.005859375 0.0078125
0 0.482421875 0.3447265625 0.0078125 0.009765625
0 0.8369140625 0.3408203125 0.001953125 0.005859375
0 0.3720703125 0.3251953125 0.033203125 0.037109375
0 0.8486328125 0.3212890625 0.017578125 0.044921875
0 0.876953125 0.2880859375 0.00390625 0.001953125
0 0.30859375 0.29296875 0.015625 0.02734375
0 0.7724609375 0.291015625 0.017578125 0.0390625
0 0.2568359375 0.275390625 0.013671875 0.0234375
0 0.884765625 0.2568359375 0.00390625 0.009765625
0 0.267578125 0.2216796875 0.015625 0.037109375
0 0.7978515625 0.181640625 0.033203125 0.02734375
0 0.8701171875 0.1904296875 0.072265625 0.068359375
0 0.86328125 0.1416015625 0.00390625 0.005859375
0 0.251953125 0.171875 0.015625 0.06640625
0 0.6748046875 0.1357421875 0.005859375 0.009765625
0 0.822265625 0.1259765625 0.00390625 0.005859375
0 0.7275390625 0.109375 0.009765625 0.01171875
0 0.7158203125 0.083984375 0.017578125 0.01171875
0 0.673828125 0.0654296875 0.05859375 0.025390625
0 0.634765625 0.05078125 0.01171875 0.0078125
0 0.6201171875 0.0439453125 0.013671875 0.009765625
