0 0.23828125 0.8974609375 0.015625 0.021484375
0 0.71484375 0.8134765625 0.06640625 0.037109375
0 0.3505859375 0.8095703125 0.064453125 0.033203125
0 0.7216796875 0.623046875 0.068359375 0.0390625
0 0.1689453125 0.6142578125 0.021484375 0.021484375
0 0.3515625 0.6142578125 0.0703125 0.037109375
0 0.1787109375 0.5654296875 0.001953125 0.005859375
0 0.1787109375 0.55078125 0.001953125 0.015625
0 0.1787109375 0.5390625 0.001953125 0.00390625
0 0.166015625 0.55078125 0.01953125 0.05078125
0 0.849609375 0.4814453125 0.01171875 0.009765625
0 0.8212890625 0.4921875 0.025390625 0.03125
0 0.234375 0.4794921875 0.01171875 0.013671875
0 0.185546875 0.4794921875 0.01171875 0.013671875
0 0.796875 0.4755859375 0.015625 0.025390625
0 0.25390625 0.4580078125 0.0078125 0.005859375
0 0.7978515625 0.4072265625 0.048828125 0.052734375
0 0.662109375 0.3828125 0.0078125 0.015625
0 0.3310546875 0.392578125 0.041015625 0.0390625
0 0.1875 0.3857421875 0.015625 0.029296875
0 0.4599609375 0.373046875 0.009765625 0.01171875
0 0.2509765625 0.3837890625 0.017578125 0.033203125
0 0.189453125 0.31640625 0.015625 0.04296875
0 0.8740234375 0.201171875 0.025390625 0.0546875
0 0.78125 0.1962890625 0.01953125 0.048828125
0 0.08203125 0.115234375 0.0078125 0.015625
0 0.6337890625 0.0576171875 0.005859375 0.009765625
0 0.78515625 0.0576171875 0.0390625 0.029296875
0 0.9033203125 0.0546875 0.005859375 0.05078125
0 0.9033203125 0.01171875 0.005859375 0.0234375
0 0.8623046875 0.0390625 0.068359375 0.078125
0 0.6865234375 0.0048828125 0.009765625 0.009765625
0 0.67578125 0.0009765625 0.00390625 0.001953125
0 0.2509765625 0.0234375 0.048828125 0.046875
0 0.16015625 0.00390625 0.00390625 0.0078125
