0 0.4052734375 0.9052734375 0.052734375 0.037109375
0 0.7109375 0.7900390625 0.0546875 0.041015625
0 0.8505859375 0.7470703125 0.005859375 0.005859375
0 0.2177734375 0.7734375 0.025390625 0.0703125
0 0.849609375 0.73828125 0.00390625 0.0078125
0 0.20703125 0.7333984375 0.0078125 0.005859375
0 0.3701171875 0.7431640625 0.056640625 0.041015625
0 0.845703125 0.7216796875 0.00390625 0.005859375
0 0.8427734375 0.7041015625 0.005859375 0.013671875
0 0.1923828125 0.7158203125 0.017578125 0.056640625
0 0.6806640625 0.62890625 0.056640625 0.046875
0 0.1884765625 0.607421875 0.009765625 0.01953125
0 0.8212890625 0.5830078125 0.005859375 0.005859375
0 0.2421875 0.5888671875 0.01171875 0.021484375
0 0.818359375 0.5693359375 0.00390625 0.009765625
0 0.3115234375 0.5693359375 0.033203125 0.033203125
0 0.1767578125 0.5498046875 0.013671875 0.021484375
0 0.8134765625 0.5458984375 0.009765625 0.033203125
0 0.80859375 0.5166015625 0.00390625 0.013671875
0 0.7998046875 0.5478515625 0.025390625 0.083984375
0 0.4150390625 0.5087890625 0.005859375 0.005859375
0 0.7392578125 0.486328125 0.017578125 0.0234375
0 0.7158203125 0.4794921875 0.009765625 0.017578125
0 0.771484375 0.4736328125 0.01171875 0.013671875
0 0.5849609375 0.4501953125 0.005859375 0.009765625
0 0.78515625 0.4072265625 0.00390625 0.005859375
0 0.705078125 0.4228515625 0.0390625 0.044921875
0 0.783203125 0.3955078125 0.00390625 0.013671875
0 0.11328125 0.37890625 0.015625 0.0625
0 0.7763671875 0.3505859375 0.005859375 0.009765625
0 0.765625 0.3037109375 0.00390625 0.009765625
0 0.76171875 0.2880859375 0.00390625 0.005859375
0 0.76171875 0.2783203125 0.00390625 0.005859375
0 0.0986328125 0.2724609375 0.001953125 0.005859375
0 0.1748046875 0.2890625 0.037109375 0.04296875
0 0.181640625 0.240234375 0.01171875 0.0078125
0 0.751953125 0.236328125 0.00390625 0.0078125
0 0.646484375 0.251953125 0.01953125 0.0390625
0 0.1923828125 0.2353515625 0.005859375 0.005859375
0 0.75 0.22265625 0.00390625 0.0078125
0 0.7275390625 0.2255859375 0.021484375 0.041015625
0 0.7421875 0.181640625 0.00390625 0.0078125
0 0.2607421875 0.169921875 0.005859375 0.0078125
0 0.7392578125 0.1650390625 0.001953125 0.005859375
0 0.2607421875 0.158203125 0.005859375 0.0078125
0 0.736328125 0.1455078125 0.00390625 0.001953125
0 0.259765625 0.1474609375 0.0078125 0.005859375
0 0.43359375 0.146484375 0.015625 0.0078125
0 0.4501953125 0.1396484375 0.001953125 0.001953125
0 0.4599609375 0.1357421875 0.005859375 0.005859375
0 0.732421875 0.1298828125 0.00390625 0.005859375
0 0.6279296875 0.1376953125 0.029296875 0.025390625
0 0.728515625 0.11328125 0.00390625 0.0078125
0 0.7265625 0.0966796875 0.00390625 0.009765625
0 0.681640625 0.1015625 0.04296875 0.046875
0 0.69921875 0.0556640625 0.046875 0.037109375
