0 0.2587890625 0.93359375 0.029296875 0.01171875
0 0.734375 0.9189453125 0.00390625 0.009765625
0 0.740234375 0.8916015625 0.00390625 0.005859375
0 0.658203125 0.90625 0.04296875 0.04296875
0 0.7421875 0.8837890625 0.00390625 0.005859375
0 0.59765625 0.8955078125 0.0546875 0.041015625
0 0.7265625 0.892578125 0.01171875 0.0390625
0 0.494140625 0.86328125 0.0078125 0.0078125
0 0.6689453125 0.853515625 0.009765625 0.01171875
0 0.751953125 0.8447265625 0.00390625 0.001953125
0 0.1396484375 0.8408203125 0.001953125 0.001953125
0 0.73046875 0.8515625 0.015625 0.02734375
0 0.689453125 0.8427734375 0.0078125 0.009765625
0 0.755859375 0.826171875 0.00390625 0.01171875
0 0.384765625 0.826171875 0.0078125 0.01171875
0 0.7587890625 0.8134765625 0.005859375 0.005859375
0 0.1474609375 0.80859375 0.005859375 0.0078125
0 0.1494140625 0.79296875 0.001953125 0.0078125
0 0.7490234375 0.7919921875 0.005859375 0.021484375
0 0.765625 0.7822265625 0.00390625 0.005859375
0 0.30078125 0.7919921875 0.05078125 0.037109375
0 0.1357421875 0.81640625 0.041015625 0.1015625
0 0.7705078125 0.7626953125 0.005859375 0.009765625
0 0.7578125 0.7509765625 0.00390625 0.001953125
0 0.7734375 0.748046875 0.00390625 0.00390625
0 0.228515625 0.75390625 0.0390625 0.0390625
0 0.77734375 0.732421875 0.00390625 0.0078125
0 0.7802734375 0.7177734375 0.001953125 0.001953125
0 0.1474609375 0.7275390625 0.009765625 0.029296875
0 0.783203125 0.701171875 0.00390625 0.0078125
0 0.236328125 0.6943359375 0.0078125 0.005859375
0 0.787109375 0.689453125 0.00390625 0.00390625
0 0.15234375 0.697265625 0.0078125 0.02734375
0 0.2783203125 0.681640625 0.013671875 0.01953125
0 0.7890625 0.6767578125 0.0078125 0.017578125
0 0.2138671875 0.6728515625 0.009765625 0.013671875
0 0.1865234375 0.6640625 0.005859375 0.0078125
0 0.798828125 0.6376953125 0.00390625 0.005859375
0 0.8046875 0.609375 0.00390625 0.01171875
0 0.8076171875 0.59375 0.005859375 0.01171875
0 0.8125 0.5771484375 0.00390625 0.005859375
0 0.8154296875 0.5625 0.001953125 0.0078125
0 0.8212890625 0.5390625 0.005859375 0.0078125
0 0.826171875 0.515625 0.00390625 0.0078125
0 0.830078125 0.498046875 0.00390625 0.00390625
0 0.833984375 0.4775390625 0.00390625 0.005859375
0 0.837890625 0.462890625 0.00390625 0.0078125
0 0.8251953125 0.44921875 0.001953125 0.00390625
0 0.8408203125 0.4443359375 0.005859375 0.009765625
0 0.6962890625 0.451171875 0.056640625 0.046875
0 0.8330078125 0.4267578125 0.001953125 0.001953125
0 0.8486328125 0.4150390625 0.013671875 0.044921875
0 0.2119140625 0.4013671875 0.009765625 0.025390625
0 0.837890625 0.3994140625 0.01171875 0.033203125
0 0.8427734375 0.3779296875 0.001953125 0.001953125
0 0.216796875 0.380859375 0.00390625 0.01171875
0 0.28515625 0.376953125 0.01171875 0.01953125
0 0.84375 0.3671875 0.00390625 0.00390625
0 0.3935546875 0.3369140625 0.052734375 0.041015625
0 0.8291015625 0.3212890625 0.013671875 0.013671875
0 0.23046875 0.3134765625 0.00390625 0.005859375
0 0.8408203125 0.302734375 0.001953125 0.00390625
0 0.8173828125 0.302734375 0.001953125 0.00390625
0 0.7294921875 0.2919921875 0.060546875 0.048828125
0 0.8447265625 0.2666015625 0.001953125 0.001953125
0 0.6513671875 0.25 0.001953125 0.00390625
0 0.255859375 0.1826171875 0.00390625 0.009765625
0 0.4267578125 0.171875 0.060546875 0.046875
0 0.8779296875 0.1474609375 0.001953125 0.001953125
0 0.8525390625 0.2431640625 0.087890625 0.259765625
0 0.2861328125 0.107421875 0.001953125 0.0078125
0 0.8291015625 0.1318359375 0.041015625 0.060546875
0 0.71875 0.0693359375 0.01171875 0.013671875
0 0.279296875 0.0927734375 0.02734375 0.068359375
0 0.8935546875 0.068359375 0.017578125 0.0234375
0 0.2958984375 0.0517578125 0.001953125 0.009765625
0 0.2802734375 0.04296875 0.009765625 0.0234375
