0 0.828125 0.9990234375 0.00390625 0.001953125
0 0.8095703125 0.9853515625 0.001953125 0.001953125
0 0.1396484375 0.955078125 0.001953125 0.00390625
0 0.1455078125 0.9541015625 0.001953125 0.005859375
0 0.150390625 0.9462890625 0.00390625 0.009765625
0 0.150390625 0.923828125 0.00390625 0.015625
0 0.1494140625 0.892578125 0.001953125 0.0078125
0 0.841796875 0.8720703125 0.00390625 0.001953125
0 0.134765625 0.9248046875 0.02734375 0.123046875
0 0.8388671875 0.9130859375 0.033203125 0.126953125
0 0.42578125 0.8388671875 0.0078125 0.009765625
0 0.560546875 0.8369140625 0.0078125 0.009765625
0 0.6875 0.833984375 0.0625 0.03515625
0 0.3212890625 0.83203125 0.064453125 0.03515625
0 0.7587890625 0.822265625 0.048828125 0.046875
0 0.2294921875 0.81640625 0.044921875 0.046875
0 0.7626953125 0.7607421875 0.005859375 0.009765625
0 0.22265625 0.7451171875 0.0078125 0.009765625
0 0.7802734375 0.7373046875 0.009765625 0.013671875
0 0.830078125 0.7373046875 0.015625 0.017578125
0 0.162109375 0.7294921875 0.01171875 0.009765625
0 0.1953125 0.7255859375 0.015625 0.017578125
0 0.2705078125 0.7138671875 0.017578125 0.021484375
0 0.8564453125 0.6435546875 0.005859375 0.068359375
0 0.86328125 0.4228515625 0.00390625 0.001953125
0 0.8662109375 0.369140625 0.005859375 0.03125
0 0.208984375 0.357421875 0.015625 0.0234375
0 0.7001953125 0.2822265625 0.072265625 0.041015625
0 0.3232421875 0.26953125 0.068359375 0.03515625
0 0.8720703125 0.22265625 0.005859375 0.0078125
0 0.8720703125 0.2099609375 0.001953125 0.005859375
0 0.87109375 0.154296875 0.00390625 0.02734375
0 0.875 0.1201171875 0.0078125 0.037109375
0 0.705078125 0.080078125 0.0703125 0.04296875
0 0.13671875 0.0595703125 0.01953125 0.017578125
0 0.326171875 0.0634765625 0.0703125 0.041015625
0 0.123046875 0.0341796875 0.00390625 0.009765625
0 0.13671875 0.033203125 0.0078125 0.01171875
0 0.1416015625 0.02734375 0.009765625 0.03125
0 0.1240234375 0.015625 0.009765625 0.0234375
0 0.8798828125 0.046875 0.009765625 0.09375
0 0.8603515625 0.048828125 0.021484375 0.09765625
