0 0.716796875 0.9130859375 0.00390625 0.005859375
0 0.1865234375 0.904296875 0.001953125 0.00390625
0 0.7197265625 0.8974609375 0.005859375 0.005859375
0 0.7216796875 0.8876953125 0.001953125 0.005859375
0 0.2265625 0.892578125 0.01171875 0.01953125
0 0.107421875 0.90625 0.01171875 0.05078125
0 0.16796875 0.8837890625 0.0078125 0.009765625
0 0.140625 0.873046875 0.00390625 0.0078125
0 0.630859375 0.6689453125 0.0546875 0.041015625
0 0.2333984375 0.599609375 0.013671875 0.01953125
0 0.16796875 0.5947265625 0.01171875 0.037109375
0 0.7900390625 0.5556640625 0.001953125 0.005859375
0 0.3369140625 0.5625 0.052734375 0.0390625
0 0.7998046875 0.5107421875 0.001953125 0.001953125
0 0.18359375 0.51171875 0.00390625 0.0078125
0 0.6650390625 0.515625 0.056640625 0.04296875
0 0.8046875 0.5302734375 0.0234375 0.076171875
0 0.7880859375 0.5302734375 0.025390625 0.080078125
0 0.8125 0.484375 0.00390625 0.0078125
0 0.8173828125 0.4658203125 0.005859375 0.005859375
0 0.8203125 0.455078125 0.00390625 0.0078125
0 0.798828125 0.4482421875 0.0234375 0.021484375
0 0.765625 0.4375 0.01953125 0.0234375
0 0.82421875 0.4326171875 0.0078125 0.017578125
0 0.8271484375 0.41796875 0.005859375 0.0078125
0 0.748046875 0.41796875 0.015625 0.01953125
0 0.2041015625 0.412109375 0.005859375 0.01171875
0 0.8310546875 0.400390625 0.005859375 0.0078125
0 0.20703125 0.3984375 0.00390625 0.01171875
0 0.3720703125 0.404296875 0.056640625 0.04296875
0 0.8349609375 0.384765625 0.005859375 0.0078125
0 0.8388671875 0.3642578125 0.005859375 0.013671875
0 0.2314453125 0.3486328125 0.001953125 0.001953125
0 0.759765625 0.361328125 0.0390625 0.04296875
0 0.22265625 0.349609375 0.015625 0.01953125
0 0.845703125 0.333984375 0.00390625 0.0078125
0 0.2353515625 0.3271484375 0.001953125 0.001953125
0 0.8505859375 0.3134765625 0.009765625 0.029296875
0 0.6533203125 0.3037109375 0.009765625 0.013671875
0 0.2392578125 0.294921875 0.009765625 0.01953125
0 0.23046875 0.2822265625 0.01171875 0.013671875
0 0.8466796875 0.2734375 0.001953125 0.00390625
0 0.2978515625 0.2607421875 0.009765625 0.009765625
0 0.859375 0.2734375 0.01171875 0.046875
0 0.3173828125 0.248046875 0.001953125 0.0078125
0 0.2578125 0.248046875 0.0078125 0.0078125
0 0.8662109375 0.240234375 0.005859375 0.00390625
0 0.4951171875 0.2392578125 0.005859375 0.013671875
0 0.8701171875 0.2216796875 0.005859375 0.005859375
0 0.388671875 0.21875 0.03125 0.03125
0 0.84765625 0.2177734375 0.0234375 0.044921875
0 0.3271484375 0.189453125 0.017578125 0.02734375
0 0.275390625 0.1787109375 0.0078125 0.009765625
0 0.876953125 0.1943359375 0.01171875 0.044921875
0 0.77734375 0.1865234375 0.015625 0.041015625
0 0.2763671875 0.1640625 0.013671875 0.01171875
0 0.884765625 0.158203125 0.00390625 0.0078125
0 0.890625 0.130859375 0.0078125 0.03125
0 0.2861328125 0.1181640625 0.013671875 0.037109375
0 0.8994140625 0.08984375 0.013671875 0.046875
0 0.8017578125 0.080078125 0.029296875 0.02734375
0 0.8662109375 0.08984375 0.060546875 0.05078125
0 0.2685546875 0.0830078125 0.013671875 0.052734375
