0 0.837890625 0.9951171875 0.0390625 0.009765625
0 0.0888671875 0.984375 0.005859375 0.03125
0 0.302734375 0.861328125 0.00390625 0.00390625
0 0.30078125 0.86328125 0.07421875 0.05859375
0 0.7177734375 0.859375 0.076171875 0.05859375
0 0.865234375 0.8232421875 0.00390625 0.005859375
0 0.861328125 0.8125 0.00390625 0.0078125
0 0.8720703125 0.8037109375 0.001953125 0.001953125
0 0.0888671875 0.7734375 0.029296875 0.04296875
0 0.1142578125 0.75 0.009765625 0.015625
0 0.8994140625 0.7412109375 0.005859375 0.005859375
0 0.912109375 0.73828125 0.0078125 0.0078125
0 0.083984375 0.7265625 0.00390625 0.0078125
0 0.1044921875 0.7197265625 0.009765625 0.017578125
0 0.0771484375 0.7060546875 0.009765625 0.033203125
0 0.9130859375 0.70703125 0.013671875 0.046875
0 0.8857421875 0.7236328125 0.017578125 0.099609375
0 0.091796875 0.6845703125 0.02734375 0.025390625
0 0.08203125 0.6630859375 0.00390625 0.005859375
0 0.08203125 0.6513671875 0.00390625 0.005859375
0 0.4228515625 0.642578125 0.009765625 0.0078125
0 0.578125 0.638671875 0.0078125 0.01171875
0 0.720703125 0.6357421875 0.07421875 0.041015625
0 0.3017578125 0.6337890625 0.072265625 0.037109375
0 0.8037109375 0.6220703125 0.056640625 0.056640625
0 0.1953125 0.6181640625 0.0546875 0.056640625
0 0.890625 0.580078125 0.0078125 0.03125
0 0.888671875 0.5556640625 0.00390625 0.005859375
0 0.8056640625 0.548828125 0.009765625 0.015625
0 0.1884765625 0.53515625 0.009765625 0.01171875
0 0.828125 0.5234375 0.01171875 0.01171875
0 0.884765625 0.5224609375 0.01953125 0.025390625
0 0.119140625 0.5166015625 0.01171875 0.013671875
0 0.1552734375 0.5146484375 0.017578125 0.017578125
0 0.888671875 0.5009765625 0.00390625 0.005859375
0 0.244140625 0.4970703125 0.01953125 0.025390625
0 0.9130859375 0.4970703125 0.005859375 0.052734375
0 0.912109375 0.4609375 0.00390625 0.01171875
0 0.912109375 0.4482421875 0.00390625 0.005859375
0 0.0751953125 0.4287109375 0.013671875 0.025390625
0 0.892578125 0.42578125 0.0078125 0.0234375
0 0.9140625 0.4228515625 0.0078125 0.041015625
0 0.080078125 0.3740234375 0.00390625 0.037109375
0 0.91796875 0.2978515625 0.00390625 0.009765625
0 0.919921875 0.2080078125 0.00390625 0.005859375
0 0.919921875 0.1953125 0.00390625 0.01171875
0 0.0693359375 0.130859375 0.017578125 0.03125
0 0.9228515625 0.1337890625 0.009765625 0.044921875
0 0.0771484375 0.09765625 0.001953125 0.01171875
0 0.9228515625 0.087890625 0.001953125 0.01171875
0 0.16796875 0.083984375 0.01953125 0.02734375
0 0.076171875 0.0712890625 0.00390625 0.013671875
0 0.0751953125 0.0576171875 0.005859375 0.009765625
0 0.92578125 0.0400390625 0.00390625 0.005859375
0 0.92578125 0.0244140625 0.00390625 0.009765625
0 0.9267578125 0.0078125 0.005859375 0.015625
0 0.732421875 0.0087890625 0.078125 0.017578125
0 0.3232421875 0.0009765625 0.009765625 0.001953125
