0 0.13671875 0.9921875 0.00390625 0.015625
0 0.8564453125 0.8623046875 0.001953125 0.005859375
0 0.212890625 0.7841796875 0.015625 0.021484375
0 0.1337890625 0.751953125 0.005859375 0.0703125
0 0.2998046875 0.71875 0.005859375 0.0078125
0 0.6962890625 0.6962890625 0.064453125 0.037109375
0 0.326171875 0.6953125 0.0625 0.03515625
0 0.1318359375 0.5234375 0.005859375 0.03125
0 0.1435546875 0.5029296875 0.009765625 0.005859375
0 0.1357421875 0.5029296875 0.001953125 0.005859375
0 0.1494140625 0.4921875 0.001953125 0.00390625
0 0.681640625 0.5029296875 0.03515625 0.037109375
0 0.7138671875 0.501953125 0.041015625 0.0390625
0 0.326171875 0.4951171875 0.0703125 0.041015625
0 0.1337890625 0.478515625 0.001953125 0.0078125
0 0.8583984375 0.4736328125 0.001953125 0.005859375
0 0.1494140625 0.470703125 0.001953125 0.02734375
0 0.1298828125 0.458984375 0.001953125 0.00390625
0 0.146484375 0.431640625 0.0078125 0.01171875
0 0.8681640625 0.4638671875 0.017578125 0.095703125
0 0.8505859375 0.46484375 0.017578125 0.09765625
0 0.146484375 0.4140625 0.00390625 0.00390625
0 0.1298828125 0.4189453125 0.005859375 0.013671875
0 0.140625 0.41015625 0.00390625 0.00390625
0 0.130859375 0.408203125 0.00390625 0.00390625
0 0.154296875 0.359375 0.0078125 0.0078125
0 0.205078125 0.3583984375 0.0078125 0.009765625
0 0.80078125 0.3671875 0.0234375 0.03125
0 0.841796875 0.3642578125 0.0234375 0.029296875
0 0.87109375 0.3427734375 0.00390625 0.005859375
0 0.775390625 0.349609375 0.015625 0.0234375
0 0.2265625 0.3349609375 0.0078125 0.009765625
0 0.87109375 0.33203125 0.00390625 0.0078125
0 0.87109375 0.3154296875 0.00390625 0.005859375
0 0.77734375 0.279296875 0.05078125 0.0546875
0 0.6376953125 0.255859375 0.009765625 0.01171875
0 0.30078125 0.2705078125 0.04296875 0.041015625
0 0.1572265625 0.2626953125 0.017578125 0.029296875
0 0.220703125 0.26171875 0.015625 0.03515625
0 0.43359375 0.248046875 0.0078125 0.01171875
0 0.126953125 0.23828125 0.0078125 0.078125
0 0.1572265625 0.1943359375 0.017578125 0.044921875
0 0.84375 0.09765625 0.00390625 0.00390625
0 0.8515625 0.0703125 0.01953125 0.05078125
0 0.7578125 0.06640625 0.01953125 0.046875
0 0.875 0.11328125 0.0078125 0.2109375
0 0.125 0.0068359375 0.0078125 0.013671875
