0 0.314453125 0.9794921875 0.00390625 0.005859375
0 0.92578125 0.94921875 0.0078125 0.0078125
0 0.4814453125 0.904296875 0.009765625 0.01953125
0 0.7607421875 0.8857421875 0.005859375 0.001953125
0 0.837890625 0.8974609375 0.0625 0.044921875
0 0.3017578125 0.8740234375 0.009765625 0.009765625
0 0.4736328125 0.8798828125 0.060546875 0.044921875
0 0.2998046875 0.841796875 0.001953125 0.00390625
0 0.2861328125 0.8505859375 0.025390625 0.111328125
0 0.837890625 0.7666015625 0.0078125 0.009765625
0 0.2626953125 0.755859375 0.017578125 0.0546875
0 0.80859375 0.751953125 0.05859375 0.0546875
0 0.3515625 0.7236328125 0.046875 0.048828125
0 0.4384765625 0.7060546875 0.060546875 0.044921875
0 0.537109375 0.6748046875 0.0078125 0.013671875
0 0.2734375 0.666015625 0.01171875 0.015625
0 0.3330078125 0.66015625 0.009765625 0.015625
0 0.3046875 0.6533203125 0.015625 0.017578125
0 0.6611328125 0.6259765625 0.005859375 0.009765625
0 0.369140625 0.6123046875 0.015625 0.021484375
0 0.775390625 0.5771484375 0.0625 0.048828125
0 0.83984375 0.5390625 0.046875 0.05078125
0 0.830078125 0.4814453125 0.0078125 0.013671875
0 0.8408203125 0.4521484375 0.009765625 0.013671875
0 0.8828125 0.4326171875 0.0078125 0.013671875
0 0.1845703125 0.4140625 0.005859375 0.0078125
0 0.1708984375 0.408203125 0.005859375 0.015625
0 0.1806640625 0.3974609375 0.005859375 0.005859375
0 0.1728515625 0.3671875 0.009765625 0.03125
0 0.89453125 0.3388671875 0.00390625 0.013671875
0 0.8916015625 0.3251953125 0.001953125 0.005859375
0 0.240234375 0.3076171875 0.015625 0.021484375
0 0.8876953125 0.3017578125 0.005859375 0.013671875
0 0.884765625 0.279296875 0.00390625 0.00390625
0 0.880859375 0.265625 0.00390625 0.01171875
0 0.8779296875 0.2490234375 0.005859375 0.013671875
0 0.3251953125 0.1845703125 0.060546875 0.048828125
0 0.8603515625 0.1572265625 0.005859375 0.005859375
0 0.859375 0.1474609375 0.00390625 0.005859375
0 0.8515625 0.103515625 0.00390625 0.00390625
0 0.8486328125 0.087890625 0.005859375 0.0078125
0 0.845703125 0.0771484375 0.00390625 0.005859375
0 0.119140625 0.04296875 0.00390625 0.01171875
0 0.673828125 0.05859375 0.06640625 0.0546875
0 0.1162109375 0.0322265625 0.001953125 0.001953125
0 0.1142578125 0.0224609375 0.001953125 0.001953125
0 0.111328125 0.0107421875 0.00390625 0.013671875
0 0.0869140625 0.00390625 0.001953125 0.00390625
0 0.8349609375 0.0302734375 0.017578125 0.060546875
0 0.2841796875 0.0087890625 0.064453125 0.017578125
0 0.1083984375 0.0009765625 0.001953125 0.001953125
0 0.1064453125 0.0322265625 0.033203125 0.064453125
