0 0.142578125 0.9990234375 0.015625 0.001953125
0 0.42578125 0.96875 0.01171875 0.015625
0 0.5595703125 0.966796875 0.009765625 0.015625
0 0.6845703125 0.9638671875 0.064453125 0.037109375
0 0.3193359375 0.962890625 0.064453125 0.03515625
0 0.7529296875 0.951171875 0.044921875 0.0546875
0 0.2314453125 0.9482421875 0.048828125 0.052734375
0 0.7578125 0.888671875 0.01171875 0.01171875
0 0.224609375 0.880859375 0.0078125 0.01171875
0 0.7783203125 0.8701171875 0.013671875 0.017578125
0 0.162109375 0.8623046875 0.01171875 0.013671875
0 0.197265625 0.861328125 0.015625 0.015625
0 0.2724609375 0.84765625 0.017578125 0.0234375
0 0.2099609375 0.4951171875 0.017578125 0.021484375
0 0.697265625 0.4169921875 0.0703125 0.044921875
0 0.3232421875 0.4072265625 0.068359375 0.037109375
0 0.8447265625 0.296875 0.009765625 0.03125
0 0.8291015625 0.2119140625 0.013671875 0.013671875
0 0.7041015625 0.2177734375 0.072265625 0.044921875
0 0.326171875 0.2041015625 0.0703125 0.044921875
0 0.880859375 0.1669921875 0.01171875 0.087890625
0 0.1474609375 0.125 0.001953125 0.00390625
0 0.13671875 0.15625 0.0234375 0.10546875
0 0.1513671875 0.0576171875 0.013671875 0.013671875
0 0.2021484375 0.0576171875 0.013671875 0.017578125
0 0.224609375 0.037109375 0.0078125 0.01171875
0 0.8779296875 0.0361328125 0.009765625 0.072265625
0 0.8193359375 0.123046875 0.095703125 0.24609375
0 0.7841796875 0.01171875 0.048828125 0.0234375
