0 0.2939453125 0.9375 0.009765625 0.0078125
0 0.2880859375 0.931640625 0.001953125 0.00390625
0 0.3955078125 0.8935546875 0.001953125 0.001953125
0 0.337890625 0.904296875 0.03125 0.0234375
0 0.4072265625 0.8876953125 0.001953125 0.001953125
0 0.4365234375 0.8779296875 0.001953125 0.001953125
0 0.626953125 0.814453125 0.0234375 0.015625
0 0.2578125 0.8046875 0.0078125 0.01953125
0 0.6708984375 0.7978515625 0.048828125 0.021484375
0 0.7041015625 0.7861328125 0.005859375 0.005859375
0 0.7138671875 0.7822265625 0.005859375 0.005859375
0 0.251953125 0.7783203125 0.00390625 0.001953125
0 0.2490234375 0.767578125 0.005859375 0.0078125
0 0.734375 0.765625 0.01171875 0.0078125
0 0.7470703125 0.759765625 0.005859375 0.00390625
0 0.7626953125 0.765625 0.060546875 0.02734375
0 0.7685546875 0.751953125 0.009765625 0.00390625
0 0.7998046875 0.7490234375 0.001953125 0.005859375
0 0.73828125 0.75 0.01171875 0.0078125
0 0.810546875 0.7451171875 0.00390625 0.005859375
0 0.82421875 0.740234375 0.00390625 0.00390625
0 0.7802734375 0.7431640625 0.005859375 0.009765625
0 0.7646484375 0.73828125 0.037109375 0.01953125
0 0.4150390625 0.74609375 0.052734375 0.04296875
0 0.8837890625 0.716796875 0.001953125 0.00390625
0 0.25390625 0.7177734375 0.00390625 0.005859375
0 0.8447265625 0.7109375 0.029296875 0.0234375
0 0.25 0.703125 0.00390625 0.01171875
0 0.2451171875 0.6865234375 0.001953125 0.001953125
0 0.884765625 0.6689453125 0.00390625 0.005859375
0 0.2412109375 0.7119140625 0.037109375 0.091796875
0 0.880859375 0.6552734375 0.0078125 0.017578125
0 0.876953125 0.6357421875 0.00390625 0.005859375
0 0.220703125 0.6416015625 0.01171875 0.041015625
0 0.2138671875 0.61328125 0.005859375 0.0078125
0 0.7275390625 0.6259765625 0.052734375 0.044921875
0 0.30078125 0.5966796875 0.03515625 0.037109375
0 0.380859375 0.58203125 0.05078125 0.04296875
0 0.470703125 0.552734375 0.00390625 0.00390625
0 0.2275390625 0.5439453125 0.005859375 0.005859375
0 0.2822265625 0.5390625 0.005859375 0.00390625
0 0.255859375 0.5341796875 0.01171875 0.013671875
0 0.3193359375 0.490234375 0.001953125 0.00390625
0 0.314453125 0.494140625 0.01171875 0.01953125
0 0.6943359375 0.462890625 0.052734375 0.04296875
0 0.8427734375 0.4814453125 0.041015625 0.087890625
0 0.75390625 0.4267578125 0.04296875 0.041015625
0 0.744140625 0.3720703125 0.00390625 0.009765625
0 0.7568359375 0.345703125 0.005859375 0.01171875
0 0.8203125 0.3310546875 0.00390625 0.009765625
0 0.7978515625 0.3310546875 0.013671875 0.013671875
0 0.818359375 0.31640625 0.00390625 0.0078125
0 0.8134765625 0.298828125 0.005859375 0.01953125
0 0.810546875 0.283203125 0.00390625 0.0078125
0 0.1416015625 0.296875 0.013671875 0.05078125
0 0.1337890625 0.263671875 0.005859375 0.01171875
0 0.1943359375 0.2138671875 0.013671875 0.009765625
0 0.275390625 0.095703125 0.0546875 0.04296875
