0 0.8544921875 0.9384765625 0.005859375 0.009765625
0 0.865234375 0.916015625 0.0078125 0.015625
0 0.2646484375 0.8369140625 0.013671875 0.048828125
0 0.2578125 0.80859375 0.00390625 0.00390625
0 0.3271484375 0.7998046875 0.013671875 0.017578125
0 0.8837890625 0.78125 0.005859375 0.0078125
0 0.404296875 0.689453125 0.0546875 0.04296875
0 0.88671875 0.662109375 0.00390625 0.01171875
0 0.880859375 0.626953125 0.00390625 0.0078125
0 0.2177734375 0.5615234375 0.001953125 0.001953125
0 0.7177734375 0.572265625 0.060546875 0.046875
0 0.2099609375 0.5263671875 0.001953125 0.001953125
0 0.208984375 0.5556640625 0.03125 0.072265625
0 0.8623046875 0.53125 0.013671875 0.04296875
0 0.3681640625 0.521484375 0.060546875 0.046875
0 0.8544921875 0.494140625 0.009765625 0.02734375
0 0.8515625 0.4775390625 0.00390625 0.001953125
0 0.1923828125 0.4990234375 0.029296875 0.052734375
0 0.1806640625 0.4677734375 0.005859375 0.005859375
0 0.849609375 0.4619140625 0.00390625 0.005859375
0 0.2021484375 0.462890625 0.009765625 0.0078125
0 0.845703125 0.4462890625 0.00390625 0.001953125
0 0.2431640625 0.4462890625 0.005859375 0.013671875
0 0.8232421875 0.4189453125 0.001953125 0.001953125
0 0.255859375 0.419921875 0.00390625 0.0078125
0 0.8408203125 0.41796875 0.009765625 0.03515625
0 0.8359375 0.3955078125 0.00390625 0.005859375
0 0.19140625 0.38671875 0.0078125 0.0078125
0 0.685546875 0.4052734375 0.0625 0.048828125
0 0.8330078125 0.3798828125 0.001953125 0.005859375
0 0.18359375 0.376953125 0.01171875 0.01953125
0 0.2392578125 0.3564453125 0.013671875 0.029296875
0 0.8203125 0.34375 0.00390625 0.0078125
0 0.81640625 0.328125 0.00390625 0.015625
0 0.3076171875 0.3388671875 0.037109375 0.037109375
0 0.173828125 0.3212890625 0.01953125 0.037109375
0 0.4140625 0.2783203125 0.0078125 0.009765625
0 0.814453125 0.3212890625 0.04296875 0.099609375
0 0.810546875 0.2568359375 0.00390625 0.009765625
0 0.7470703125 0.2568359375 0.021484375 0.029296875
0 0.72265625 0.251953125 0.015625 0.01953125
0 0.76953125 0.236328125 0.00390625 0.00390625
0 0.126953125 0.236328125 0.00390625 0.00390625
0 0.7822265625 0.2392578125 0.021484375 0.037109375
0 0.123046875 0.2197265625 0.00390625 0.005859375
0 0.587890625 0.216796875 0.0078125 0.01171875
0 0.119140625 0.2021484375 0.00390625 0.001953125
0 0.1142578125 0.177734375 0.005859375 0.01171875
0 0.7119140625 0.1884765625 0.041015625 0.048828125
0 0.10546875 0.1435546875 0.015625 0.052734375
0 0.0947265625 0.0927734375 0.005859375 0.005859375
0 0.787109375 0.1376953125 0.046875 0.224609375
0 0.6552734375 0.0302734375 0.013671875 0.009765625
0 0.1689453125 0.048828125 0.041015625 0.046875
0 0.0859375 0.0341796875 0.01171875 0.017578125
