0 0.8876953125 0.9306640625 0.005859375 0.009765625
0 0.23828125 0.939453125 0.015625 0.0390625
0 0.3056640625 0.908203125 0.005859375 0.0078125
0 0.3037109375 0.9013671875 0.001953125 0.001953125
0 0.296875 0.91015625 0.0078125 0.01953125
0 0.3779296875 0.7998046875 0.052734375 0.041015625
0 0.19140625 0.6943359375 0.01171875 0.013671875
0 0.1875 0.6767578125 0.01171875 0.009765625
0 0.1904296875 0.6689453125 0.001953125 0.001953125
0 0.6904296875 0.68359375 0.056640625 0.046875
0 0.1640625 0.6396484375 0.00390625 0.009765625
0 0.18359375 0.6474609375 0.015625 0.029296875
0 0.83203125 0.630859375 0.00390625 0.0078125
0 0.1640625 0.62890625 0.00390625 0.00390625
0 0.1806640625 0.626953125 0.001953125 0.00390625
0 0.169921875 0.625 0.0078125 0.0078125
0 0.3427734375 0.6318359375 0.056640625 0.041015625
0 0.16015625 0.6025390625 0.01171875 0.044921875
0 0.80859375 0.5146484375 0.00390625 0.001953125
0 0.6572265625 0.5185546875 0.060546875 0.044921875
0 0.8046875 0.4892578125 0.00390625 0.005859375
0 0.154296875 0.4931640625 0.00390625 0.013671875
0 0.1611328125 0.4873046875 0.001953125 0.005859375
0 0.802734375 0.478515625 0.00390625 0.00390625
0 0.2119140625 0.4755859375 0.013671875 0.021484375
0 0.2822265625 0.455078125 0.033203125 0.03515625
0 0.146484375 0.4365234375 0.015625 0.021484375
0 0.7822265625 0.4208984375 0.001953125 0.001953125
0 0.794921875 0.4345703125 0.015625 0.064453125
0 0.779296875 0.4375 0.02734375 0.0859375
0 0.7861328125 0.3935546875 0.005859375 0.009765625
0 0.3876953125 0.3935546875 0.005859375 0.009765625
0 0.7177734375 0.369140625 0.021484375 0.0234375
0 0.6953125 0.3662109375 0.01171875 0.017578125
0 0.779296875 0.357421875 0.00390625 0.01171875
0 0.7509765625 0.359375 0.009765625 0.015625
0 0.775390625 0.3427734375 0.00390625 0.005859375
0 0.5576171875 0.3330078125 0.009765625 0.009765625
0 0.7734375 0.3291015625 0.00390625 0.005859375
0 0.76953125 0.30859375 0.00390625 0.01171875
0 0.0888671875 0.298828125 0.005859375 0.0078125
0 0.765625 0.287109375 0.00390625 0.0078125
0 0.6826171875 0.3056640625 0.041015625 0.044921875
0 0.7626953125 0.2744140625 0.005859375 0.013671875
0 0.759765625 0.2587890625 0.00390625 0.013671875
0 0.755859375 0.23828125 0.00390625 0.0078125
0 0.7529296875 0.2236328125 0.005859375 0.009765625
0 0.75 0.20703125 0.00390625 0.00390625
0 0.14453125 0.16796875 0.03515625 0.04296875
0 0.095703125 0.142578125 0.0078125 0.00390625
0 0.740234375 0.1630859375 0.015625 0.068359375
0 0.732421875 0.1201171875 0.00390625 0.009765625
0 0.6240234375 0.1328125 0.017578125 0.0390625
0 0.15234375 0.115234375 0.0078125 0.0078125
0 0.7294921875 0.1044921875 0.005859375 0.005859375
0 0.7060546875 0.103515625 0.021484375 0.0390625
0 0.263671875 0.07421875 0.015625 0.0078125
0 0.47265625 0.0634765625 0.00390625 0.001953125
0 0.724609375 0.0751953125 0.0078125 0.029296875
0 0.71875 0.0439453125 0.0078125 0.017578125
0 0.71484375 0.0302734375 0.00390625 0.005859375
