0 0.2880859375 0.8427734375 0.009765625 0.009765625
0 0.7998046875 0.828125 0.005859375 0.01171875
0 0.232421875 0.822265625 0.01171875 0.04296875
0 0.384765625 0.8095703125 0.046875 0.033203125
0 0.685546875 0.763671875 0.05078125 0.03515625
0 0.8056640625 0.7744140625 0.037109375 0.091796875
0 0.8251953125 0.7197265625 0.005859375 0.009765625
0 0.8291015625 0.703125 0.001953125 0.0078125
0 0.8095703125 0.7001953125 0.021484375 0.017578125
0 0.8330078125 0.6865234375 0.005859375 0.009765625
0 0.7783203125 0.6923828125 0.017578125 0.021484375
0 0.7626953125 0.673828125 0.013671875 0.015625
0 0.08984375 0.6552734375 0.00390625 0.005859375
0 0.416015625 0.666015625 0.05078125 0.0390625
0 0.8388671875 0.65625 0.009765625 0.03125
0 0.849609375 0.615234375 0.00390625 0.01171875
0 0.7734375 0.6240234375 0.03515625 0.041015625
0 0.8525390625 0.6015625 0.005859375 0.01171875
0 0.85546875 0.587890625 0.00390625 0.0078125
0 0.8583984375 0.5732421875 0.001953125 0.005859375
0 0.6767578125 0.5712890625 0.005859375 0.009765625
0 0.294921875 0.560546875 0.00390625 0.00390625
0 0.861328125 0.5576171875 0.00390625 0.005859375
0 0.28125 0.58984375 0.01953125 0.07421875
0 0.8662109375 0.54296875 0.005859375 0.01171875
0 0.3486328125 0.5341796875 0.001953125 0.005859375
0 0.8681640625 0.5302734375 0.005859375 0.009765625
0 0.3671875 0.5263671875 0.00390625 0.005859375
0 0.3115234375 0.5234375 0.005859375 0.00390625
0 0.53125 0.513671875 0.00390625 0.0078125
0 0.875 0.501953125 0.00390625 0.00390625
0 0.8779296875 0.490234375 0.001953125 0.00390625
0 0.4326171875 0.4970703125 0.029296875 0.033203125
0 0.8564453125 0.4912109375 0.017578125 0.037109375
0 0.375 0.470703125 0.015625 0.0234375
0 0.7900390625 0.4638671875 0.017578125 0.033203125
0 0.328125 0.455078125 0.01171875 0.01953125
0 0.337890625 0.4072265625 0.01171875 0.029296875
0 0.8134765625 0.3681640625 0.029296875 0.025390625
0 0.8701171875 0.3759765625 0.048828125 0.044921875
0 0.8935546875 0.341796875 0.009765625 0.0078125
0 0.8779296875 0.3359375 0.009765625 0.0078125
0 0.86328125 0.3291015625 0.00390625 0.005859375
0 0.8515625 0.3251953125 0.00390625 0.005859375
0 0.703125 0.32421875 0.00390625 0.00390625
0 0.3271484375 0.345703125 0.013671875 0.05078125
0 0.83984375 0.3203125 0.0078125 0.0078125
0 0.830078125 0.3154296875 0.00390625 0.005859375
0 0.8173828125 0.3125 0.001953125 0.00390625
0 0.7490234375 0.3017578125 0.005859375 0.005859375
0 0.7412109375 0.2822265625 0.001953125 0.005859375
0 0.712890625 0.271484375 0.00390625 0.00390625
0 0.6875 0.2607421875 0.04296875 0.021484375
0 0.658203125 0.25 0.00390625 0.00390625
0 0.2265625 0.251953125 0.0078125 0.0078125
0 0.6298828125 0.2373046875 0.005859375 0.005859375
0 0.5830078125 0.21875 0.005859375 0.00390625
0 0.541015625 0.203125 0.00390625 0.00390625
0 0.51953125 0.1943359375 0.00390625 0.005859375
0 0.427734375 0.20703125 0.03515625 0.0390625
0 0.49609375 0.185546875 0.00390625 0.00390625
0 0.46875 0.1748046875 0.0078125 0.009765625
0 0.45703125 0.171875 0.0078125 0.0078125
0 0.365234375 0.166015625 0.00390625 0.0078125
0 0.3681640625 0.1494140625 0.005859375 0.013671875
