0 0.8583984375 0.9296875 0.001953125 0.00390625
0 0.3115234375 0.9384765625 0.009765625 0.021484375
0 0.7099609375 0.9345703125 0.009765625 0.017578125
0 0.3232421875 0.921875 0.001953125 0.00390625
0 0.3203125 0.9091796875 0.0625 0.033203125
0 0.693359375 0.908203125 0.0625 0.03515625
0 0.1181640625 0.84765625 0.005859375 0.015625
0 0.8447265625 0.83984375 0.013671875 0.01171875
0 0.146484375 0.833984375 0.00390625 0.01171875
0 0.12890625 0.8076171875 0.01171875 0.013671875
0 0.1259765625 0.787109375 0.005859375 0.0078125
0 0.1162109375 0.78515625 0.005859375 0.0234375
0 0.1298828125 0.7744140625 0.013671875 0.013671875
0 0.861328125 0.810546875 0.015625 0.09375
0 0.146484375 0.7919921875 0.00390625 0.060546875
0 0.8427734375 0.7734375 0.009765625 0.03125
0 0.146484375 0.7548828125 0.00390625 0.005859375
0 0.8486328125 0.75390625 0.013671875 0.0078125
0 0.134765625 0.7529296875 0.00390625 0.005859375
0 0.4296875 0.7216796875 0.00390625 0.005859375
0 0.126953125 0.732421875 0.0078125 0.03515625
0 0.5654296875 0.7177734375 0.009765625 0.009765625
0 0.6962890625 0.71484375 0.064453125 0.03515625
0 0.3193359375 0.7138671875 0.060546875 0.033203125
0 0.76953125 0.703125 0.05078125 0.046875
0 0.228515625 0.69921875 0.04296875 0.04296875
0 0.771484375 0.63671875 0.00390625 0.01171875
0 0.2216796875 0.6259765625 0.001953125 0.005859375
0 0.791015625 0.615234375 0.0078125 0.01171875
0 0.1591796875 0.6103515625 0.005859375 0.005859375
0 0.841796875 0.6123046875 0.015625 0.017578125
0 0.193359375 0.609375 0.01171875 0.015625
0 0.2724609375 0.5869140625 0.005859375 0.005859375
0 0.2685546875 0.59375 0.017578125 0.01953125
0 0.123046875 0.5048828125 0.0078125 0.068359375
0 0.125 0.4638671875 0.00390625 0.005859375
0 0.208984375 0.2255859375 0.00390625 0.005859375
0 0.203125 0.2265625 0.01953125 0.0234375
0 0.12109375 0.2333984375 0.0078125 0.080078125
0 0.7060546875 0.14453125 0.068359375 0.04296875
0 0.3212890625 0.134765625 0.064453125 0.03515625
0 0.880859375 0.076171875 0.00390625 0.00390625
0 0.119140625 0.0009765625 0.0078125 0.001953125
