0 0.76953125 0.9345703125 0.00390625 0.005859375
0 0.734375 0.9169921875 0.00390625 0.005859375
0 0.751953125 0.916015625 0.0234375 0.01171875
0 0.376953125 0.9111328125 0.0625 0.013671875
0 0.39453125 0.8974609375 0.0234375 0.001953125
0 0.36328125 0.8974609375 0.0078125 0.001953125
0 0.349609375 0.8974609375 0.00390625 0.001953125
0 0.73046875 0.908203125 0.0625 0.02734375
0 0.2890625 0.8974609375 0.03515625 0.025390625
0 0.2373046875 0.896484375 0.013671875 0.04296875
0 0.73046875 0.77734375 0.05859375 0.0390625
0 0.4013671875 0.77734375 0.056640625 0.04296875
0 0.2392578125 0.705078125 0.017578125 0.03125
0 0.25 0.6689453125 0.00390625 0.005859375
0 0.232421875 0.6669921875 0.00390625 0.005859375
0 0.25 0.658203125 0.00390625 0.0078125
0 0.2392578125 0.6435546875 0.017578125 0.037109375
0 0.6220703125 0.60546875 0.005859375 0.0078125
0 0.4990234375 0.6064453125 0.009765625 0.009765625
0 0.734375 0.6025390625 0.05859375 0.033203125
0 0.40234375 0.59765625 0.05859375 0.03515625
0 0.80078125 0.5927734375 0.046875 0.044921875
0 0.322265625 0.58203125 0.04296875 0.046875
0 0.0771484375 0.5361328125 0.005859375 0.005859375
0 0.802734375 0.53515625 0.0078125 0.01171875
0 0.3173828125 0.5185546875 0.005859375 0.009765625
0 0.8193359375 0.5166015625 0.009765625 0.013671875
0 0.26171875 0.501953125 0.0078125 0.01171875
0 0.2919921875 0.501953125 0.013671875 0.015625
0 0.3583984375 0.4892578125 0.013671875 0.021484375
0 0.3046875 0.1630859375 0.015625 0.021484375
0 0.2333984375 0.08203125 0.001953125 0.0078125
0 0.7470703125 0.0966796875 0.064453125 0.041015625
0 0.4091796875 0.083984375 0.056640625 0.03515625
0 0.8994140625 0.0869140625 0.005859375 0.052734375
