0 0.16015625 0.998046875 0.0078125 0.00390625
0 0.193359375 0.9970703125 0.015625 0.005859375
0 0.267578125 0.9873046875 0.015625 0.025390625
0 0.2041015625 0.6376953125 0.017578125 0.021484375
0 0.6953125 0.556640625 0.0703125 0.04296875
0 0.3203125 0.5498046875 0.06640625 0.037109375
0 0.701171875 0.357421875 0.0703125 0.0390625
0 0.3212890625 0.345703125 0.068359375 0.04296875
0 0.1416015625 0.2958984375 0.001953125 0.005859375
0 0.8525390625 0.2822265625 0.005859375 0.017578125
0 0.853515625 0.2607421875 0.00390625 0.001953125
0 0.1318359375 0.2998046875 0.021484375 0.103515625
0 0.857421875 0.2490234375 0.00390625 0.005859375
0 0.8056640625 0.2216796875 0.025390625 0.033203125
0 0.1982421875 0.2021484375 0.013671875 0.013671875
0 0.1484375 0.201171875 0.01171875 0.01171875
0 0.7783203125 0.205078125 0.017578125 0.0234375
0 0.2197265625 0.1806640625 0.005859375 0.009765625
0 0.8447265625 0.208984375 0.041015625 0.0703125
0 0.86328125 0.166015625 0.00390625 0.00390625
0 0.85546875 0.162109375 0.00390625 0.00390625
0 0.83203125 0.10546875 0.00390625 0.00390625
0 0.7802734375 0.1328125 0.048828125 0.0625
0 0.6396484375 0.10546875 0.009765625 0.01171875
0 0.298828125 0.1123046875 0.04296875 0.044921875
0 0.431640625 0.09375 0.01171875 0.015625
0 0.1513671875 0.1015625 0.017578125 0.03125
0 0.216796875 0.1015625 0.015625 0.0390625
0 0.1513671875 0.0322265625 0.017578125 0.044921875
0 0.8642578125 0.009765625 0.005859375 0.015625
0 0.880859375 0.02734375 0.0078125 0.0546875
