0 0.412109375 0.7041015625 0.0078125 0.005859375
0 0.408203125 0.6962890625 0.00390625 0.005859375
0 0.4404296875 0.68359375 0.017578125 0.01171875
0 0.8818359375 0.6474609375 0.021484375 0.009765625
0 0.0322265625 0.63671875 0.001953125 0.00390625
0 0.189453125 0.63671875 0.02734375 0.0078125
0 0.0478515625 0.6357421875 0.029296875 0.009765625
0 0.9169921875 0.6337890625 0.025390625 0.009765625
0 0.2724609375 0.623046875 0.017578125 0.0078125
0 0.142578125 0.62109375 0.01953125 0.0078125
0 0.830078125 0.6181640625 0.01953125 0.009765625
0 0.34375 0.611328125 0.01171875 0.0078125
0 0.2255859375 0.609375 0.021484375 0.0078125
0 0.099609375 0.607421875 0.02734375 0.0078125
0 0.2490234375 0.595703125 0.236328125 0.01171875
0 0.685546875 0.591796875 0.03515625 0.0234375
0 0.7587890625 0.5927734375 0.099609375 0.029296875
0 0.4853515625 0.5888671875 0.029296875 0.021484375
0 0.79296875 0.5751953125 0.00390625 0.005859375
0 0.7373046875 0.5703125 0.017578125 0.01171875
0 0.380859375 0.5634765625 0.015625 0.052734375
0 0.37109375 0.533203125 0.00390625 0.00390625
0 0.369140625 0.5224609375 0.00390625 0.001953125
0 0.1416015625 0.51171875 0.001953125 0.00390625
0 0.669921875 0.5205078125 0.03125 0.025390625
0 0.345703125 0.5244140625 0.0234375 0.048828125
0 0.240234375 0.521484375 0.04296875 0.05078125
0 0.115234375 0.5 0.0078125 0.0078125
0 0.130859375 0.5 0.015625 0.01171875
0 0.4189453125 0.501953125 0.021484375 0.0234375
0 0.4658203125 0.4921875 0.029296875 0.0234375
0 0.376953125 0.470703125 0.00390625 0.00390625
0 0.3935546875 0.4638671875 0.005859375 0.005859375
0 0.4267578125 0.4384765625 0.009765625 0.013671875
0 0.2958984375 0.4453125 0.044921875 0.0546875
0 0.181640625 0.4443359375 0.04296875 0.052734375
0 0.650390625 0.4228515625 0.03125 0.025390625
0 0.7353515625 0.4326171875 0.025390625 0.056640625
0 0.12890625 0.392578125 0.0078125 0.00390625
0 0.6865234375 0.40234375 0.025390625 0.02734375
0 0.13671875 0.3876953125 0.00390625 0.005859375
0 0.1416015625 0.376953125 0.005859375 0.01171875
0 0.79296875 0.373046875 0.0078125 0.0078125
0 0.6787109375 0.3701171875 0.005859375 0.001953125
0 0.7294921875 0.376953125 0.009765625 0.03125
0 0.8115234375 0.3837890625 0.037109375 0.052734375
0 0.8349609375 0.357421875 0.005859375 0.00390625
0 0.7890625 0.3564453125 0.00390625 0.001953125
0 0.6875 0.3564453125 0.00390625 0.005859375
0 0.2392578125 0.369140625 0.041015625 0.05078125
0 0.7109375 0.345703125 0.0078125 0.0078125
0 0.1240234375 0.349609375 0.037109375 0.01953125
0 0.32421875 0.3408203125 0.00390625 0.005859375
0 0.3310546875 0.3427734375 0.005859375 0.013671875
0 0.328125 0.328125 0.00390625 0.00390625
0 0.7216796875 0.3388671875 0.009765625 0.041015625
0 0.7880859375 0.3173828125 0.001953125 0.001953125
0 0.7919921875 0.3115234375 0.005859375 0.001953125
0 0.7783203125 0.3115234375 0.005859375 0.001953125
0 0.181640625 0.2978515625 0.046875 0.041015625
0 0.291015625 0.291015625 0.03125 0.05859375
