0 0.5791015625 0.94921875 0.005859375 0.00390625
0 0.59375 0.9443359375 0.00390625 0.005859375
0 0.662109375 0.9169921875 0.00390625 0.005859375
0 0.701171875 0.9013671875 0.00390625 0.005859375
0 0.796875 0.8798828125 0.02734375 0.013671875
0 0.822265625 0.87109375 0.015625 0.01171875
0 0.833984375 0.8662109375 0.00390625 0.005859375
0 0.8076171875 0.8525390625 0.001953125 0.001953125
0 0.810546875 0.857421875 0.109375 0.05078125
0 0.4462890625 0.8525390625 0.056640625 0.052734375
0 0.28125 0.8125 0.00390625 0.0078125
0 0.8642578125 0.8134765625 0.013671875 0.025390625
0 0.2744140625 0.8212890625 0.033203125 0.099609375
0 0.2529296875 0.7470703125 0.005859375 0.013671875
0 0.2490234375 0.7294921875 0.005859375 0.013671875
0 0.7578125 0.73046875 0.05859375 0.046875
0 0.2451171875 0.7109375 0.005859375 0.01171875
0 0.333984375 0.7041015625 0.0390625 0.041015625
0 0.865234375 0.66796875 0.00390625 0.00390625
0 0.4130859375 0.6865234375 0.052734375 0.041015625
0 0.8779296875 0.662109375 0.001953125 0.00390625
0 0.8583984375 0.658203125 0.001953125 0.00390625
0 0.501953125 0.6591796875 0.0078125 0.009765625
0 0.259765625 0.6494140625 0.0078125 0.005859375
0 0.314453125 0.6455078125 0.0078125 0.009765625
0 0.2890625 0.6376953125 0.01171875 0.017578125
0 0.6201171875 0.611328125 0.005859375 0.0078125
0 0.3486328125 0.6015625 0.013671875 0.01953125
0 0.8740234375 0.587890625 0.041015625 0.0859375
0 0.7255859375 0.568359375 0.056640625 0.046875
0 0.87109375 0.5322265625 0.00390625 0.009765625
0 0.7861328125 0.53125 0.044921875 0.046875
0 0.86328125 0.5 0.00390625 0.0078125
0 0.861328125 0.4853515625 0.00390625 0.005859375
0 0.8466796875 0.4814453125 0.001953125 0.005859375
0 0.7763671875 0.478515625 0.005859375 0.0078125
0 0.857421875 0.4697265625 0.00390625 0.009765625
0 0.7861328125 0.453125 0.009765625 0.01171875
0 0.8544921875 0.44921875 0.005859375 0.0078125
0 0.830078125 0.435546875 0.01171875 0.01953125
0 0.845703125 0.4072265625 0.015625 0.060546875
0 0.171875 0.3974609375 0.015625 0.052734375
0 0.166015625 0.365234375 0.00390625 0.00390625
0 0.8388671875 0.3623046875 0.005859375 0.005859375
0 0.8359375 0.3466796875 0.00390625 0.009765625
0 0.833984375 0.3369140625 0.00390625 0.001953125
0 0.2353515625 0.3193359375 0.001953125 0.001953125
0 0.828125 0.3115234375 0.00390625 0.009765625
0 0.2275390625 0.3173828125 0.013671875 0.021484375
0 0.826171875 0.294921875 0.00390625 0.00390625
0 0.8212890625 0.2685546875 0.009765625 0.021484375
0 0.8154296875 0.2412109375 0.001953125 0.005859375
0 0.8125 0.2265625 0.00390625 0.00390625
0 0.8095703125 0.2099609375 0.005859375 0.013671875
0 0.806640625 0.189453125 0.00390625 0.0078125
0 0.30859375 0.205078125 0.0546875 0.0390625
0 0.802734375 0.173828125 0.00390625 0.01171875
0 0.798828125 0.1533203125 0.00390625 0.005859375
0 0.79296875 0.119140625 0.00390625 0.0078125
0 0.6298828125 0.0869140625 0.060546875 0.048828125
0 0.107421875 0.0712890625 0.02734375 0.052734375
0 0.0869140625 0.0400390625 0.001953125 0.001953125
0 0.1083984375 0.0390625 0.001953125 0.00390625
0 0.1064453125 0.03125 0.001953125 0.00390625
0 0.7802734375 0.0615234375 0.017578125 0.068359375
0 0.2705078125 0.0341796875 0.060546875 0.029296875
0 0.0859375 0.0224609375 0.0078125 0.021484375
