0 0.8916015625 0.9990234375 0.001953125 0.001953125
0 0.7470703125 0.9990234375 0.009765625 0.001953125
0 0.7158203125 0.9990234375 0.044921875 0.001953125
0 0.6865234375 0.9990234375 0.005859375 0.001953125
0 0.16015625 0.9970703125 0.02734375 0.005859375
0 0.8349609375 0.9931640625 0.041015625 0.013671875
0 0.0908203125 0.9912109375 0.005859375 0.017578125
0 0.0888671875 0.9755859375 0.001953125 0.001953125
0 0.08984375 0.9658203125 0.00390625 0.009765625
0 0.71484375 0.853515625 0.07421875 0.0546875
0 0.2998046875 0.8564453125 0.072265625 0.060546875
0 0.87890625 0.822265625 0.00390625 0.00390625
0 0.861328125 0.8173828125 0.00390625 0.005859375
0 0.8564453125 0.8056640625 0.001953125 0.005859375
0 0.107421875 0.7685546875 0.00390625 0.009765625
0 0.07421875 0.7685546875 0.00390625 0.009765625
0 0.1064453125 0.705078125 0.001953125 0.00390625
0 0.896484375 0.67578125 0.00390625 0.0078125
0 0.8935546875 0.728515625 0.037109375 0.11328125
0 0.0947265625 0.7099609375 0.029296875 0.134765625
0 0.4208984375 0.638671875 0.009765625 0.01171875
0 0.576171875 0.634765625 0.0078125 0.0078125
0 0.7197265625 0.6337890625 0.072265625 0.041015625
0 0.2998046875 0.6298828125 0.072265625 0.041015625
0 0.80078125 0.619140625 0.0546875 0.05859375
0 0.197265625 0.6142578125 0.05078125 0.056640625
0 0.8876953125 0.58203125 0.001953125 0.0078125
0 0.8017578125 0.546875 0.009765625 0.01171875
0 0.1884765625 0.53125 0.009765625 0.01171875
0 0.8251953125 0.521484375 0.009765625 0.015625
0 0.1201171875 0.5146484375 0.013671875 0.013671875
0 0.8818359375 0.5185546875 0.017578125 0.025390625
0 0.15625 0.51171875 0.01953125 0.0234375
0 0.2431640625 0.4951171875 0.017578125 0.025390625
0 0.91015625 0.4443359375 0.00390625 0.005859375
0 0.0810546875 0.396484375 0.005859375 0.09375
0 0.916015625 0.2578125 0.00390625 0.00390625
0 0.91796875 0.177734375 0.00390625 0.00390625
0 0.076171875 0.1220703125 0.0078125 0.044921875
0 0.1728515625 0.0791015625 0.009765625 0.005859375
0 0.1689453125 0.0849609375 0.017578125 0.021484375
0 0.0771484375 0.07421875 0.005859375 0.0390625
0 0.921875 0.00390625 0.00390625 0.0078125
0 0.7294921875 0.009765625 0.080078125 0.01953125
0 0.3251953125 0.0009765625 0.013671875 0.001953125
