0 0.2763671875 0.8935546875 0.001953125 0.001953125
0 0.2763671875 0.8896484375 0.001953125 0.001953125
0 0.3291015625 0.865234375 0.033203125 0.0234375
0 0.4267578125 0.82421875 0.005859375 0.0078125
0 0.5078125 0.8193359375 0.00390625 0.005859375
0 0.4375 0.8193359375 0.00390625 0.005859375
0 0.5244140625 0.8134765625 0.005859375 0.005859375
0 0.5380859375 0.80859375 0.001953125 0.00390625
0 0.5625 0.7998046875 0.00390625 0.005859375
0 0.58984375 0.7890625 0.00390625 0.00390625
0 0.7587890625 0.7255859375 0.033203125 0.017578125
0 0.783203125 0.71484375 0.01171875 0.0078125
0 0.765625 0.7119140625 0.00390625 0.001953125
0 0.828125 0.716796875 0.03125 0.01953125
0 0.7998046875 0.708984375 0.017578125 0.0078125
0 0.7529296875 0.70703125 0.033203125 0.03125
0 0.8486328125 0.6904296875 0.001953125 0.005859375
0 0.7783203125 0.6904296875 0.005859375 0.005859375
0 0.7919921875 0.685546875 0.005859375 0.0078125
0 0.41015625 0.697265625 0.0546875 0.0390625
0 0.2421875 0.6748046875 0.00390625 0.005859375
0 0.232421875 0.6806640625 0.03125 0.052734375
0 0.8583984375 0.6630859375 0.033203125 0.025390625
0 0.2197265625 0.630859375 0.021484375 0.0390625
0 0.2099609375 0.6123046875 0.005859375 0.005859375
0 0.20703125 0.59765625 0.00390625 0.00390625
0 0.203125 0.58203125 0.00390625 0.00390625
0 0.734375 0.572265625 0.00390625 0.00390625
0 0.2001953125 0.568359375 0.005859375 0.015625
0 0.73828125 0.57421875 0.0546875 0.046875
0 0.88671875 0.5322265625 0.00390625 0.001953125
0 0.2900390625 0.54296875 0.041015625 0.04296875
0 0.373046875 0.525390625 0.0546875 0.0390625
0 0.46875 0.494140625 0.00390625 0.00390625
0 0.212890625 0.486328125 0.0078125 0.0078125
0 0.876953125 0.4794921875 0.00390625 0.005859375
0 0.26953125 0.48046875 0.00390625 0.0078125
0 0.2431640625 0.4736328125 0.009765625 0.013671875
0 0.8603515625 0.4375 0.001953125 0.00390625
0 0.3056640625 0.4326171875 0.013671875 0.021484375
0 0.703125 0.400390625 0.0546875 0.04296875
0 0.857421875 0.4208984375 0.04296875 0.091796875
0 0.7666015625 0.365234375 0.044921875 0.046875
0 0.8447265625 0.3125 0.005859375 0.01953125
0 0.75390625 0.306640625 0.0078125 0.0078125
0 0.7685546875 0.2822265625 0.009765625 0.009765625
0 0.8115234375 0.2626953125 0.013671875 0.017578125
0 0.1279296875 0.25390625 0.005859375 0.0078125
0 0.1123046875 0.240234375 0.009765625 0.01953125
0 0.123046875 0.23046875 0.00390625 0.00390625
0 0.8330078125 0.25 0.017578125 0.08203125
0 0.119140625 0.212890625 0.00390625 0.0078125
0 0.822265625 0.1923828125 0.00390625 0.005859375
0 0.1142578125 0.193359375 0.005859375 0.01171875
0 0.8203125 0.1748046875 0.00390625 0.009765625
0 0.81640625 0.1630859375 0.00390625 0.005859375
0 0.8134765625 0.14453125 0.005859375 0.01171875
0 0.177734375 0.1328125 0.015625 0.015625
0 0.1796875 0.1259765625 0.0078125 0.005859375
0 0.8056640625 0.107421875 0.005859375 0.01171875
