0 0.388671875 0.9931640625 0.0078125 0.009765625
0 0.70703125 0.95703125 0.0078125 0.00390625
0 0.72265625 0.9560546875 0.01171875 0.005859375
0 0.7421875 0.9541015625 0.015625 0.005859375
0 0.392578125 0.9599609375 0.05859375 0.017578125
0 0.8427734375 0.9462890625 0.001953125 0.001953125
0 0.220703125 0.908203125 0.01171875 0.02734375
0 0.8603515625 0.9013671875 0.009765625 0.029296875
0 0.216796875 0.888671875 0.00390625 0.0078125
0 0.8564453125 0.8798828125 0.001953125 0.001953125
0 0.2236328125 0.8779296875 0.017578125 0.048828125
0 0.869140625 0.876953125 0.02734375 0.09765625
0 0.232421875 0.8642578125 0.01953125 0.083984375
0 0.876953125 0.8203125 0.00390625 0.01953125
0 0.490234375 0.8017578125 0.00390625 0.005859375
0 0.61328125 0.7978515625 0.0078125 0.009765625
0 0.7294921875 0.7978515625 0.056640625 0.033203125
0 0.3955078125 0.7939453125 0.056640625 0.029296875
0 0.7939453125 0.787109375 0.044921875 0.04296875
0 0.3125 0.7802734375 0.0390625 0.041015625
0 0.7978515625 0.7294921875 0.005859375 0.009765625
0 0.30859375 0.7158203125 0.00390625 0.005859375
0 0.814453125 0.7099609375 0.0078125 0.009765625
0 0.8583984375 0.70703125 0.013671875 0.015625
0 0.2529296875 0.69921875 0.009765625 0.0078125
0 0.2841796875 0.7001953125 0.013671875 0.013671875
0 0.349609375 0.6865234375 0.015625 0.021484375
0 0.0810546875 0.501953125 0.005859375 0.0078125
0 0.892578125 0.3935546875 0.00390625 0.005859375
0 0.8935546875 0.3662109375 0.005859375 0.005859375
0 0.294921875 0.3623046875 0.015625 0.021484375
0 0.7412109375 0.2919921875 0.064453125 0.037109375
0 0.400390625 0.28125 0.05859375 0.03125
0 0.8994140625 0.166015625 0.005859375 0.02734375
0 0.8984375 0.1376953125 0.00390625 0.005859375
0 0.2255859375 0.0927734375 0.001953125 0.001953125
0 0.7470703125 0.109375 0.064453125 0.0390625
0 0.40234375 0.095703125 0.0625 0.0390625
0 0.8857421875 0.078125 0.017578125 0.09375
0 0.234375 0.0576171875 0.015625 0.087890625
0 0.9052734375 0.0654296875 0.017578125 0.119140625
0 0.2255859375 0.021484375 0.009765625 0.0390625
