0 0.1953125 0.94140625 0.0078125 0.0078125
0 0.771484375 0.939453125 0.0078125 0.02734375
0 0.2412109375 0.9296875 0.013671875 0.01953125
0 0.1103515625 0.9423828125 0.013671875 0.048828125
0 0.17578125 0.919921875 0.01171875 0.01171875
0 0.146484375 0.9091796875 0.0078125 0.009765625
0 0.7783203125 0.9091796875 0.009765625 0.025390625
0 0.787109375 0.8681640625 0.00390625 0.005859375
0 0.79296875 0.8466796875 0.00390625 0.009765625
0 0.802734375 0.8037109375 0.00390625 0.005859375
0 0.80859375 0.7822265625 0.0078125 0.021484375
0 0.814453125 0.755859375 0.00390625 0.0078125
0 0.818359375 0.73828125 0.00390625 0.00390625
0 0.6767578125 0.6865234375 0.060546875 0.048828125
0 0.8232421875 0.640625 0.001953125 0.00390625
0 0.1708984375 0.634765625 0.005859375 0.00390625
0 0.8291015625 0.6259765625 0.013671875 0.017578125
0 0.173828125 0.62109375 0.00390625 0.0078125
0 0.248046875 0.61328125 0.015625 0.01953125
0 0.1767578125 0.6064453125 0.005859375 0.005859375
0 0.8359375 0.595703125 0.00390625 0.00390625
0 0.1787109375 0.5927734375 0.005859375 0.017578125
0 0.8212890625 0.5517578125 0.005859375 0.001953125
0 0.3603515625 0.5712890625 0.056640625 0.041015625
0 0.837890625 0.564453125 0.01171875 0.046875
0 0.7138671875 0.5205078125 0.060546875 0.048828125
0 0.8349609375 0.4404296875 0.044921875 0.041015625
0 0.8056640625 0.4140625 0.017578125 0.0234375
0 0.3955078125 0.400390625 0.060546875 0.05078125
0 0.86328125 0.3447265625 0.01171875 0.025390625
0 0.2470703125 0.33203125 0.001953125 0.00390625
0 0.818359375 0.35546875 0.04296875 0.0546875
0 0.248046875 0.322265625 0.00390625 0.01171875
0 0.2509765625 0.3115234375 0.001953125 0.001953125
0 0.2529296875 0.30078125 0.001953125 0.00390625
0 0.703125 0.291015625 0.01171875 0.015625
0 0.2568359375 0.2822265625 0.001953125 0.001953125
0 0.255859375 0.2734375 0.0078125 0.0078125
0 0.23828125 0.3056640625 0.0234375 0.091796875
0 0.8486328125 0.248046875 0.001953125 0.00390625
0 0.31640625 0.2431640625 0.01171875 0.013671875
0 0.3388671875 0.23046875 0.005859375 0.0078125
0 0.8681640625 0.2431640625 0.021484375 0.044921875
0 0.2744140625 0.2275390625 0.009765625 0.013671875
0 0.533203125 0.220703125 0.0078125 0.015625
0 0.861328125 0.2158203125 0.0078125 0.009765625
0 0.8525390625 0.212890625 0.001953125 0.00390625
0 0.82421875 0.2021484375 0.00390625 0.001953125
0 0.884765625 0.1923828125 0.00390625 0.001953125
0 0.416015625 0.1982421875 0.03515625 0.037109375
0 0.80859375 0.1708984375 0.0078125 0.009765625
0 0.8828125 0.1728515625 0.015625 0.037109375
0 0.349609375 0.166015625 0.015625 0.03125
0 0.8388671875 0.166015625 0.025390625 0.05078125
0 0.294921875 0.146484375 0.015625 0.02734375
0 0.830078125 0.1318359375 0.0078125 0.009765625
0 0.890625 0.125 0.0078125 0.01171875
0 0.826171875 0.1162109375 0.00390625 0.009765625
0 0.890625 0.11328125 0.0078125 0.01171875
0 0.845703125 0.107421875 0.05078125 0.05078125
0 0.826171875 0.080078125 0.00390625 0.00390625
0 0.8076171875 0.087890625 0.021484375 0.01953125
0 0.306640625 0.0888671875 0.015625 0.041015625
0 0.90234375 0.0537109375 0.00390625 0.005859375
0 0.7529296875 0.037109375 0.005859375 0.00390625
0 0.865234375 0.05078125 0.03515625 0.03515625
0 0.287109375 0.0458984375 0.015625 0.060546875
