0 0.130859375 0.984375 0.00390625 0.03125
0 0.212890625 0.779296875 0.00390625 0.00390625
0 0.20703125 0.78515625 0.015625 0.01953125
0 0.126953125 0.755859375 0.0078125 0.0703125
0 0.318359375 0.6953125 0.05859375 0.03125
0 0.6943359375 0.697265625 0.068359375 0.0390625
0 0.1240234375 0.5205078125 0.005859375 0.033203125
0 0.87109375 0.498046875 0.00390625 0.01953125
0 0.7001953125 0.4990234375 0.068359375 0.037109375
0 0.322265625 0.494140625 0.0703125 0.03515625
0 0.1220703125 0.46484375 0.005859375 0.046875
0 0.1328125 0.462890625 0.0234375 0.08203125
0 0.12109375 0.42578125 0.00390625 0.0078125
0 0.873046875 0.41796875 0.00390625 0.0078125
0 0.8525390625 0.462890625 0.013671875 0.09765625
0 0.1416015625 0.4130859375 0.001953125 0.005859375
0 0.1337890625 0.408203125 0.005859375 0.0078125
0 0.123046875 0.4072265625 0.00390625 0.005859375
0 0.8408203125 0.3642578125 0.013671875 0.017578125
0 0.150390625 0.35546875 0.00390625 0.00390625
0 0.802734375 0.36328125 0.01953125 0.0234375
0 0.19921875 0.3544921875 0.0078125 0.009765625
0 0.77734375 0.345703125 0.015625 0.0234375
0 0.2197265625 0.333984375 0.001953125 0.00390625
0 0.77734375 0.2734375 0.046875 0.0546875
0 0.2958984375 0.265625 0.041015625 0.0390625
0 0.63671875 0.25 0.0078125 0.01171875
0 0.150390625 0.255859375 0.015625 0.0234375
0 0.21484375 0.2568359375 0.015625 0.033203125
0 0.4306640625 0.2431640625 0.005859375 0.009765625
0 0.875 0.2373046875 0.00390625 0.005859375
0 0.12109375 0.2333984375 0.0078125 0.076171875
0 0.1494140625 0.1865234375 0.017578125 0.041015625
0 0.8779296875 0.134765625 0.005859375 0.08203125
0 0.87890625 0.0869140625 0.00390625 0.009765625
0 0.87890625 0.064453125 0.00390625 0.0078125
0 0.8798828125 0.044921875 0.005859375 0.0078125
0 0.8525390625 0.060546875 0.017578125 0.046875
0 0.7568359375 0.0556640625 0.017578125 0.048828125
