0 0.716796875 0.8798828125 0.0078125 0.009765625
0 0.6875 0.8505859375 0.03125 0.021484375
0 0.6142578125 0.82421875 0.005859375 0.00390625
0 0.5498046875 0.8232421875 0.005859375 0.005859375
0 0.599609375 0.8193359375 0.00390625 0.001953125
0 0.5390625 0.8203125 0.01171875 0.0078125
0 0.5234375 0.814453125 0.00390625 0.00390625
0 0.564453125 0.8125 0.00390625 0.0078125
0 0.509765625 0.8095703125 0.00390625 0.005859375
0 0.4833984375 0.7998046875 0.005859375 0.005859375
0 0.470703125 0.7958984375 0.00390625 0.005859375
0 0.2548828125 0.7099609375 0.005859375 0.005859375
0 0.2724609375 0.7041015625 0.001953125 0.001953125
0 0.2314453125 0.7041015625 0.001953125 0.001953125
0 0.2275390625 0.7021484375 0.001953125 0.001953125
0 0.2197265625 0.703125 0.001953125 0.00390625
0 0.20703125 0.703125 0.00390625 0.00390625
0 0.2451171875 0.6962890625 0.005859375 0.001953125
0 0.236328125 0.6943359375 0.00390625 0.001953125
0 0.1884765625 0.6962890625 0.021484375 0.009765625
0 0.23046875 0.69140625 0.00390625 0.00390625
0 0.6162109375 0.68359375 0.013671875 0.01171875
0 0.6171875 0.6962890625 0.0546875 0.037109375
0 0.7607421875 0.6806640625 0.013671875 0.013671875
0 0.107421875 0.666015625 0.0078125 0.0078125
0 0.7587890625 0.6630859375 0.001953125 0.005859375
0 0.1630859375 0.6650390625 0.025390625 0.017578125
0 0.103515625 0.6552734375 0.00390625 0.001953125
0 0.7822265625 0.6494140625 0.025390625 0.083984375
0 0.76953125 0.626953125 0.015625 0.046875
0 0.294921875 0.5771484375 0.0546875 0.037109375
0 0.7197265625 0.541015625 0.041015625 0.04296875
0 0.654296875 0.5263671875 0.0546875 0.041015625
0 0.7314453125 0.4833984375 0.005859375 0.005859375
0 0.7939453125 0.4833984375 0.013671875 0.013671875
0 0.7509765625 0.470703125 0.009765625 0.0078125
0 0.1533203125 0.4599609375 0.001953125 0.001953125
0 0.4228515625 0.4482421875 0.001953125 0.001953125
0 0.1611328125 0.427734375 0.001953125 0.00390625
0 0.1650390625 0.4111328125 0.001953125 0.009765625
0 0.169921875 0.3935546875 0.00390625 0.005859375
0 0.330078125 0.40625 0.0546875 0.0390625
0 0.837890625 0.3876953125 0.00390625 0.005859375
0 0.1455078125 0.41796875 0.033203125 0.08984375
0 0.154296875 0.3720703125 0.0078125 0.005859375
0 0.841796875 0.3701171875 0.00390625 0.013671875
0 0.845703125 0.35546875 0.00390625 0.0078125
0 0.158203125 0.3544921875 0.0078125 0.021484375
0 0.251953125 0.36328125 0.0390625 0.04296875
0 0.1630859375 0.333984375 0.005859375 0.015625
0 0.857421875 0.3017578125 0.00390625 0.001953125
0 0.2587890625 0.298828125 0.005859375 0.00390625
0 0.861328125 0.283203125 0.00390625 0.00390625
0 0.306640625 0.283203125 0.015625 0.01953125
0 0.23828125 0.2744140625 0.01171875 0.013671875
0 0.8671875 0.26171875 0.00390625 0.00390625
0 0.2080078125 0.2626953125 0.009765625 0.009765625
0 0.869140625 0.248046875 0.00390625 0.00390625
0 0.87890625 0.20703125 0.0078125 0.015625
0 0.8828125 0.18359375 0.00390625 0.00390625
0 0.884765625 0.173828125 0.00390625 0.00390625
0 0.888671875 0.158203125 0.00390625 0.00390625
0 0.892578125 0.1416015625 0.00390625 0.009765625
0 0.8984375 0.1181640625 0.0078125 0.017578125
