0 0.73046875 0.9248046875 0.00390625 0.005859375
0 0.767578125 0.7646484375 0.00390625 0.001953125
0 0.62109375 0.783203125 0.0546875 0.04296875
0 0.21484375 0.716796875 0.01171875 0.01953125
0 0.3017578125 0.689453125 0.005859375 0.0078125
0 0.1494140625 0.7041015625 0.009765625 0.041015625
0 0.3212890625 0.677734375 0.052734375 0.03515625
0 0.6552734375 0.6279296875 0.052734375 0.044921875
0 0.7880859375 0.642578125 0.041015625 0.0859375
0 0.806640625 0.5908203125 0.00390625 0.005859375
0 0.810546875 0.576171875 0.00390625 0.00390625
0 0.798828125 0.5537109375 0.00390625 0.005859375
0 0.7880859375 0.560546875 0.013671875 0.01953125
0 0.81640625 0.5517578125 0.00390625 0.005859375
0 0.7587890625 0.548828125 0.017578125 0.0234375
0 0.7392578125 0.5283203125 0.013671875 0.017578125
0 0.822265625 0.5234375 0.01171875 0.04296875
0 0.1875 0.5107421875 0.0078125 0.021484375
0 0.3564453125 0.5185546875 0.056640625 0.041015625
0 0.828125 0.4931640625 0.00390625 0.005859375
0 0.83203125 0.474609375 0.00390625 0.00390625
0 0.203125 0.462890625 0.015625 0.01953125
0 0.751953125 0.4736328125 0.0390625 0.044921875
0 0.201171875 0.447265625 0.00390625 0.00390625
0 0.2177734375 0.4345703125 0.001953125 0.001953125
0 0.203125 0.431640625 0.00390625 0.0078125
0 0.83984375 0.443359375 0.01171875 0.04296875
0 0.2216796875 0.4150390625 0.001953125 0.001953125
0 0.6435546875 0.4140625 0.005859375 0.01171875
0 0.845703125 0.41015625 0.00390625 0.01171875
0 0.220703125 0.4013671875 0.0078125 0.017578125
0 0.8505859375 0.39453125 0.005859375 0.01171875
0 0.208984375 0.40234375 0.0078125 0.02734375
0 0.2802734375 0.373046875 0.005859375 0.0078125
0 0.30078125 0.3603515625 0.00390625 0.005859375
0 0.240234375 0.357421875 0.0078125 0.0078125
0 0.4833984375 0.349609375 0.005859375 0.0078125
0 0.857421875 0.36328125 0.01171875 0.0390625
0 0.83203125 0.345703125 0.00390625 0.00390625
0 0.865234375 0.330078125 0.00390625 0.0078125
0 0.3720703125 0.3291015625 0.033203125 0.033203125
0 0.8447265625 0.3271484375 0.017578125 0.044921875
0 0.8720703125 0.2978515625 0.001953125 0.001953125
0 0.3095703125 0.298828125 0.013671875 0.02734375
0 0.76953125 0.2958984375 0.015625 0.041015625
0 0.2568359375 0.28125 0.013671875 0.0234375
0 0.8759765625 0.27734375 0.009765625 0.03515625
0 0.8818359375 0.248046875 0.005859375 0.015625
0 0.26953125 0.2275390625 0.015625 0.037109375
0 0.888671875 0.2177734375 0.0078125 0.029296875
0 0.794921875 0.1875 0.03125 0.02734375
0 0.865234375 0.1923828125 0.0703125 0.060546875
0 0.2529296875 0.1826171875 0.017578125 0.060546875
0 0.671875 0.140625 0.00390625 0.00390625
0 0.8134765625 0.1318359375 0.001953125 0.005859375
0 0.7236328125 0.1162109375 0.009765625 0.013671875
0 0.142578125 0.0693359375 0.0078125 0.009765625
0 0.6669921875 0.0732421875 0.056640625 0.025390625
0 0.6142578125 0.05078125 0.021484375 0.01171875
