0 0.4296875 0.9833984375 0.0078125 0.009765625
0 0.5634765625 0.9814453125 0.005859375 0.009765625
0 0.134765625 0.984375 0.00390625 0.03125
0 0.32421875 0.978515625 0.0625 0.03515625
0 0.6884765625 0.9755859375 0.064453125 0.037109375
0 0.2333984375 0.9638671875 0.048828125 0.044921875
0 0.76171875 0.9619140625 0.046875 0.048828125
0 0.763671875 0.9013671875 0.0078125 0.009765625
0 0.228515625 0.8974609375 0.0078125 0.009765625
0 0.8544921875 0.87890625 0.001953125 0.00390625
0 0.7802734375 0.87890625 0.013671875 0.01171875
0 0.19921875 0.8798828125 0.015625 0.013671875
0 0.166015625 0.8779296875 0.0078125 0.009765625
0 0.830078125 0.8759765625 0.015625 0.017578125
0 0.2734375 0.8642578125 0.015625 0.021484375
0 0.1328125 0.767578125 0.00390625 0.046875
0 0.1318359375 0.7275390625 0.005859375 0.021484375
0 0.208984375 0.513671875 0.015625 0.0234375
0 0.12890625 0.5029296875 0.0078125 0.076171875
0 0.6982421875 0.4287109375 0.068359375 0.041015625
0 0.322265625 0.4228515625 0.0625 0.033203125
0 0.8701171875 0.267578125 0.005859375 0.015625
0 0.125 0.2509765625 0.0078125 0.052734375
0 0.1337890625 0.220703125 0.021484375 0.015625
0 0.701171875 0.228515625 0.0703125 0.0390625
0 0.32421875 0.2197265625 0.0703125 0.041015625
0 0.1435546875 0.1904296875 0.001953125 0.017578125
0 0.8671875 0.1767578125 0.00390625 0.005859375
0 0.142578125 0.169921875 0.00390625 0.0078125
0 0.8662109375 0.166015625 0.001953125 0.01171875
0 0.130859375 0.1337890625 0.02734375 0.025390625
0 0.8603515625 0.0966796875 0.001953125 0.001953125
0 0.8056640625 0.0927734375 0.025390625 0.033203125
0 0.125 0.0791015625 0.00390625 0.005859375
0 0.2001953125 0.0791015625 0.009765625 0.013671875
0 0.1494140625 0.078125 0.009765625 0.01171875
0 0.7783203125 0.076171875 0.017578125 0.0234375
0 0.8466796875 0.08203125 0.029296875 0.046875
0 0.2216796875 0.0556640625 0.005859375 0.009765625
0 0.125 0.0537109375 0.00390625 0.033203125
0 0.86328125 0.1259765625 0.03515625 0.251953125
0 0.779296875 0.015625 0.05078125 0.03125
0 0.2998046875 0.005859375 0.033203125 0.01171875
0 0.1240234375 0.0166015625 0.005859375 0.033203125
