0 0.6708984375 0.9423828125 0.001953125 0.001953125
0 0.263671875 0.9443359375 0.00390625 0.005859375
0 0.2431640625 0.9443359375 0.005859375 0.005859375
0 0.7109375 0.9443359375 0.07421875 0.009765625
0 0.326171875 0.94140625 0.0078125 0.00390625
0 0.7509765625 0.9404296875 0.001953125 0.005859375
0 0.66015625 0.94140625 0.0078125 0.0078125
0 0.64453125 0.939453125 0.00390625 0.00390625
0 0.6103515625 0.9404296875 0.005859375 0.005859375
0 0.5712890625 0.939453125 0.001953125 0.00390625
0 0.4951171875 0.94140625 0.080078125 0.0078125
0 0.4267578125 0.94140625 0.052734375 0.0078125
0 0.212890625 0.9404296875 0.03125 0.005859375
0 0.1845703125 0.9404296875 0.005859375 0.005859375
0 0.84375 0.9384765625 0.01171875 0.005859375
0 0.826171875 0.9384765625 0.01171875 0.005859375
0 0.810546875 0.9384765625 0.00390625 0.005859375
0 0.2734375 0.9365234375 0.00390625 0.005859375
0 0.2568359375 0.9365234375 0.021484375 0.005859375
0 0.8681640625 0.9345703125 0.009765625 0.009765625
0 0.1416015625 0.9365234375 0.072265625 0.013671875
0 0.7041015625 0.9306640625 0.060546875 0.009765625
0 0.6748046875 0.923828125 0.001953125 0.00390625
0 0.7421875 0.9228515625 0.0078125 0.025390625
0 0.7265625 0.9130859375 0.015625 0.005859375
0 0.708984375 0.9130859375 0.01171875 0.005859375
0 0.6982421875 0.9130859375 0.005859375 0.005859375
0 0.6884765625 0.9140625 0.009765625 0.0078125
0 0.6767578125 0.9150390625 0.005859375 0.009765625
0 0.314453125 0.9130859375 0.00390625 0.005859375
0 0.2841796875 0.9130859375 0.013671875 0.005859375
0 0.177734375 0.9169921875 0.0390625 0.021484375
0 0.8251953125 0.9140625 0.037109375 0.02734375
0 0.10546875 0.9033203125 0.0078125 0.048828125
0 0.7080078125 0.765625 0.068359375 0.04296875
0 0.306640625 0.767578125 0.06640625 0.046875
0 0.8740234375 0.6904296875 0.001953125 0.001953125
0 0.8671875 0.69140625 0.00390625 0.00390625
0 0.087890625 0.6923828125 0.00390625 0.005859375
0 0.8779296875 0.6884765625 0.001953125 0.001953125
0 0.1103515625 0.685546875 0.005859375 0.01171875
0 0.087890625 0.6806640625 0.00390625 0.005859375
0 0.892578125 0.681640625 0.0078125 0.03125
0 0.09765625 0.6611328125 0.0078125 0.009765625
0 0.89453125 0.654296875 0.00390625 0.00390625
0 0.10546875 0.6552734375 0.015625 0.017578125
0 0.884765625 0.6494140625 0.0078125 0.009765625
0 0.89453125 0.638671875 0.0078125 0.0078125
0 0.119140625 0.6357421875 0.00390625 0.005859375
0 0.892578125 0.6201171875 0.01171875 0.017578125
0 0.0869140625 0.615234375 0.005859375 0.0078125
0 0.8681640625 0.62109375 0.009765625 0.03125
0 0.12109375 0.6064453125 0.00390625 0.001953125
0 0.89453125 0.6044921875 0.0078125 0.009765625
0 0.8740234375 0.5966796875 0.013671875 0.009765625
0 0.1064453125 0.6103515625 0.017578125 0.044921875
0 0.099609375 0.5810546875 0.0078125 0.021484375
0 0.4248046875 0.55859375 0.005859375 0.0078125
0 0.5703125 0.5576171875 0.0078125 0.009765625
0 0.7099609375 0.5537109375 0.068359375 0.041015625
0 0.30859375 0.5498046875 0.06640625 0.037109375
0 0.7919921875 0.541015625 0.052734375 0.05078125
0 0.2080078125 0.533203125 0.044921875 0.046875
0 0.79296875 0.4697265625 0.0078125 0.009765625
0 0.201171875 0.4560546875 0.0078125 0.009765625
0 0.814453125 0.4453125 0.0078125 0.01171875
0 0.8671875 0.443359375 0.015625 0.015625
0 0.1337890625 0.4365234375 0.009765625 0.013671875
0 0.1708984375 0.435546875 0.017578125 0.015625
0 0.251953125 0.41796875 0.01953125 0.0234375
0 0.09765625 0.333984375 0.0078125 0.0859375
0 0.0927734375 0.064453125 0.009765625 0.0546875
