0 0.1376953125 0.9541015625 0.001953125 0.005859375
0 0.123046875 0.96484375 0.02734375 0.0703125
0 0.1259765625 0.9150390625 0.017578125 0.021484375
0 0.703125 0.8837890625 0.00390625 0.001953125
0 0.4267578125 0.873046875 0.009765625 0.01171875
0 0.119140625 0.8720703125 0.00390625 0.009765625
0 0.5693359375 0.8701171875 0.005859375 0.009765625
0 0.3173828125 0.8662109375 0.068359375 0.037109375
0 0.7001953125 0.865234375 0.064453125 0.0390625
0 0.2216796875 0.853515625 0.048828125 0.0546875
0 0.775390625 0.8515625 0.05078125 0.0546875
0 0.7763671875 0.7861328125 0.009765625 0.009765625
0 0.21484375 0.7802734375 0.0078125 0.009765625
0 0.796875 0.763671875 0.0078125 0.01171875
0 0.1875 0.76171875 0.015625 0.015625
0 0.150390625 0.76171875 0.01171875 0.015625
0 0.8486328125 0.7607421875 0.013671875 0.021484375
0 0.263671875 0.7451171875 0.015625 0.021484375
0 0.857421875 0.6796875 0.00390625 0.0078125
0 0.1494140625 0.6396484375 0.009765625 0.013671875
0 0.1142578125 0.6376953125 0.005859375 0.072265625
0 0.8828125 0.478515625 0.00390625 0.00390625
0 0.1083984375 0.396484375 0.013671875 0.02734375
0 0.8837890625 0.3984375 0.005859375 0.03515625
0 0.1962890625 0.373046875 0.017578125 0.0234375
0 0.109375 0.365234375 0.00390625 0.0078125
0 0.7109375 0.287109375 0.07421875 0.046875
0 0.314453125 0.2783203125 0.0703125 0.037109375
0 0.8681640625 0.1552734375 0.013671875 0.021484375
0 0.888671875 0.1982421875 0.0078125 0.177734375
0 0.1044921875 0.12109375 0.013671875 0.03125
0 0.1083984375 0.08984375 0.005859375 0.0078125
0 0.8408203125 0.0703125 0.005859375 0.00390625
0 0.8486328125 0.0654296875 0.001953125 0.005859375
0 0.6083984375 0.064453125 0.001953125 0.00390625
0 0.7158203125 0.076171875 0.072265625 0.046875
0 0.3154296875 0.0625 0.076171875 0.04296875
0 0.1279296875 0.0224609375 0.001953125 0.005859375
0 0.1279296875 0.0126953125 0.001953125 0.001953125
0 0.8955078125 0.0478515625 0.013671875 0.095703125
0 0.875 0.0517578125 0.01953125 0.103515625
0 0.1279296875 0.0029296875 0.001953125 0.005859375
0 0.1171875 0.0390625 0.02734375 0.078125
