0 0.9521484375 0.697265625 0.005859375 0.0078125
0 0.306640625 0.6875 0.01953125 0.0078125
0 0.1728515625 0.685546875 0.021484375 0.0078125
0 0.0400390625 0.6845703125 0.021484375 0.009765625
0 0.3779296875 0.6708984375 0.013671875 0.005859375
0 0.25390625 0.669921875 0.015625 0.0078125
0 0.12890625 0.6669921875 0.02734375 0.009765625
0 0.32421875 0.654296875 0.01953125 0.0078125
0 0.208984375 0.65234375 0.0234375 0.0078125
0 0.1923828125 0.6513671875 0.001953125 0.005859375
0 0.6875 0.6396484375 0.00390625 0.001953125
0 0.4091796875 0.6396484375 0.005859375 0.005859375
0 0.515625 0.6396484375 0.01953125 0.009765625
0 0.4306640625 0.6396484375 0.009765625 0.009765625
0 0.287109375 0.6376953125 0.2265625 0.009765625
0 0.748046875 0.638671875 0.03125 0.015625
0 0.693359375 0.6337890625 0.01171875 0.005859375
0 0.498046875 0.630859375 0.01953125 0.0078125
0 0.4599609375 0.630859375 0.017578125 0.0078125
0 0.703125 0.5654296875 0.03125 0.021484375
0 0.5224609375 0.560546875 0.029296875 0.01953125
0 0.3330078125 0.5673828125 0.037109375 0.048828125
0 0.2236328125 0.56640625 0.041015625 0.046875
0 0.77734375 0.4990234375 0.0078125 0.025390625
0 0.1845703125 0.4794921875 0.001953125 0.001953125
0 0.4326171875 0.5009765625 0.009765625 0.052734375
0 0.3876953125 0.498046875 0.037109375 0.05078125
0 0.2783203125 0.49609375 0.041015625 0.05078125
0 0.16796875 0.4736328125 0.02734375 0.009765625
0 0.7060546875 0.4677734375 0.033203125 0.021484375
0 0.7421875 0.4638671875 0.02734375 0.025390625
0 0.5234375 0.462890625 0.03125 0.0234375
0 0.4794921875 0.45703125 0.021484375 0.0234375
0 0.7431640625 0.4326171875 0.005859375 0.005859375
0 0.751953125 0.421875 0.0078125 0.00390625
0 0.4775390625 0.4208984375 0.001953125 0.001953125
0 0.77734375 0.4208984375 0.0078125 0.009765625
0 0.462890625 0.412109375 0.0078125 0.0078125
0 0.447265625 0.412109375 0.00390625 0.0078125
0 0.333984375 0.4248046875 0.0390625 0.048828125
0 0.2216796875 0.4228515625 0.041015625 0.048828125
0 0.498046875 0.4033203125 0.0078125 0.013671875
0 0.7890625 0.3916015625 0.0078125 0.025390625
0 0.7900390625 0.3740234375 0.005859375 0.005859375
0 0.7802734375 0.373046875 0.001953125 0.00390625
0 0.849609375 0.3583984375 0.0078125 0.009765625
0 0.1767578125 0.3603515625 0.025390625 0.025390625
0 0.2783203125 0.35546875 0.041015625 0.04296875
0 0.388671875 0.349609375 0.0390625 0.05859375
