0 0.107421875 0.6689453125 0.01171875 0.021484375
0 0.1943359375 0.662109375 0.017578125 0.0234375
0 0.109375 0.6201171875 0.0078125 0.041015625
0 0.2939453125 0.568359375 0.025390625 0.03125
0 0.3251953125 0.5654296875 0.044921875 0.033203125
0 0.70703125 0.5693359375 0.0703125 0.044921875
0 0.884765625 0.494140625 0.00390625 0.01953125
0 0.8837890625 0.478515625 0.005859375 0.0078125
0 0.8857421875 0.451171875 0.005859375 0.015625
0 0.865234375 0.4423828125 0.00390625 0.005859375
0 0.88671875 0.431640625 0.00390625 0.0078125
0 0.88671875 0.4111328125 0.00390625 0.013671875
0 0.8857421875 0.392578125 0.005859375 0.01953125
0 0.103515625 0.392578125 0.01171875 0.02734375
0 0.888671875 0.3779296875 0.00390625 0.001953125
0 0.880859375 0.3720703125 0.00390625 0.005859375
0 0.1279296875 0.3486328125 0.001953125 0.009765625
0 0.7109375 0.361328125 0.07421875 0.04296875
0 0.3154296875 0.3525390625 0.072265625 0.041015625
0 0.1279296875 0.3271484375 0.001953125 0.005859375
0 0.8701171875 0.32421875 0.017578125 0.109375
0 0.1162109375 0.3095703125 0.025390625 0.107421875
0 0.8720703125 0.2548828125 0.005859375 0.009765625
0 0.8193359375 0.2197265625 0.029296875 0.037109375
0 0.185546875 0.20703125 0.01171875 0.01171875
0 0.1318359375 0.2060546875 0.013671875 0.009765625
0 0.7919921875 0.201171875 0.017578125 0.0234375
0 0.20703125 0.18359375 0.01171875 0.01171875
0 0.8583984375 0.205078125 0.041015625 0.07421875
0 0.8662109375 0.1689453125 0.001953125 0.001953125
0 0.87109375 0.1533203125 0.00390625 0.005859375
0 0.8916015625 0.2431640625 0.013671875 0.259765625
0 0.1376953125 0.111328125 0.009765625 0.01171875
0 0.8466796875 0.0986328125 0.001953125 0.001953125
0 0.7919921875 0.1259765625 0.052734375 0.060546875
0 0.6435546875 0.099609375 0.013671875 0.01171875
0 0.2890625 0.1123046875 0.04296875 0.048828125
0 0.134765625 0.09765625 0.015625 0.01953125
0 0.427734375 0.08984375 0.0078125 0.01171875
0 0.2021484375 0.1005859375 0.017578125 0.041015625
0 0.099609375 0.1025390625 0.015625 0.056640625
0 0.1025390625 0.056640625 0.005859375 0.02734375
0 0.134765625 0.03125 0.01953125 0.046875
0 0.89453125 0.044921875 0.0078125 0.08984375
0 0.87890625 0.00390625 0.00390625 0.0078125
