0 0.1923828125 0.943359375 0.017578125 0.0234375
0 0.107421875 0.9306640625 0.00390625 0.005859375
0 0.103515625 0.8955078125 0.00390625 0.005859375
0 0.1044921875 0.8740234375 0.005859375 0.017578125
0 0.314453125 0.8466796875 0.0703125 0.037109375
0 0.71484375 0.8447265625 0.07421875 0.044921875
0 0.14453125 0.634765625 0.00390625 0.01171875
0 0.896484375 0.6279296875 0.00390625 0.005859375
0 0.7197265625 0.6357421875 0.076171875 0.041015625
0 0.3134765625 0.6318359375 0.076171875 0.041015625
0 0.8916015625 0.6171875 0.001953125 0.015625
0 0.896484375 0.5830078125 0.00390625 0.005859375
0 0.8955078125 0.5654296875 0.001953125 0.005859375
0 0.9013671875 0.5966796875 0.021484375 0.107421875
0 0.880859375 0.5966796875 0.015625 0.107421875
0 0.115234375 0.5439453125 0.01171875 0.005859375
0 0.1123046875 0.6025390625 0.029296875 0.130859375
0 0.904296875 0.4951171875 0.00390625 0.005859375
0 0.1826171875 0.4853515625 0.009765625 0.013671875
0 0.1279296875 0.4853515625 0.009765625 0.013671875
0 0.830078125 0.4892578125 0.02734375 0.029296875
0 0.904296875 0.4755859375 0.00390625 0.013671875
0 0.8759765625 0.4833984375 0.029296875 0.041015625
0 0.802734375 0.4736328125 0.01953125 0.025390625
0 0.205078125 0.4609375 0.0078125 0.01171875
0 0.8857421875 0.4482421875 0.005859375 0.005859375
0 0.90625 0.423828125 0.00390625 0.015625
0 0.134765625 0.3896484375 0.0078125 0.013671875
0 0.8037109375 0.396484375 0.052734375 0.05859375
0 0.1279296875 0.37890625 0.013671875 0.0234375
0 0.9072265625 0.3837890625 0.005859375 0.037109375
0 0.65234375 0.3720703125 0.01171875 0.013671875
0 0.2861328125 0.38671875 0.044921875 0.04296875
0 0.2001953125 0.3779296875 0.017578125 0.037109375
0 0.431640625 0.36328125 0.0078125 0.015625
0 0.095703125 0.361328125 0.01171875 0.04296875
0 0.9091796875 0.3310546875 0.001953125 0.009765625
0 0.095703125 0.3203125 0.01171875 0.01171875
0 0.1298828125 0.3056640625 0.017578125 0.044921875
0 0.0966796875 0.1533203125 0.005859375 0.021484375
0 0.8828125 0.1689453125 0.02734375 0.060546875
0 0.7841796875 0.1640625 0.021484375 0.0546875
0 0.9111328125 0.208984375 0.009765625 0.2265625
0 0.09375 0.099609375 0.0078125 0.03125
0 0.0703125 0.0703125 0.0078125 0.0078125
0 0.0703125 0.060546875 0.00390625 0.0078125
0 0.091796875 0.0654296875 0.01171875 0.033203125
0 0.0927734375 0.0361328125 0.005859375 0.017578125
0 0.09375 0.0166015625 0.0078125 0.017578125
0 0.6171875 0.0107421875 0.0078125 0.009765625
0 0.9169921875 0.0341796875 0.005859375 0.068359375
0 0.86328125 0.0146484375 0.05859375 0.029296875
0 0.787109375 0.0146484375 0.04296875 0.029296875
0 0.1962890625 0.0048828125 0.033203125 0.009765625
