0 0.3134765625 0.6953125 0.017578125 0.0078125
0 0.1767578125 0.6943359375 0.025390625 0.009765625
0 0.0361328125 0.6923828125 0.021484375 0.009765625
0 0.259765625 0.67578125 0.015625 0.0078125
0 0.1123046875 0.673828125 0.001953125 0.00390625
0 0.130859375 0.6748046875 0.02734375 0.009765625
0 0.115234375 0.6689453125 0.00390625 0.001953125
0 0.7783203125 0.6572265625 0.001953125 0.001953125
0 0.333984375 0.66015625 0.01953125 0.0078125
0 0.2109375 0.6591796875 0.02734375 0.009765625
0 0.4208984375 0.654296875 0.005859375 0.0078125
0 0.7587890625 0.6455078125 0.021484375 0.009765625
0 0.451171875 0.64453125 0.01953125 0.0078125
0 0.3955078125 0.64453125 0.013671875 0.0078125
0 0.2822265625 0.642578125 0.197265625 0.0078125
0 0.1787109375 0.6416015625 0.005859375 0.005859375
0 0.787109375 0.5859375 0.00390625 0.00390625
0 0.703125 0.5732421875 0.03515625 0.021484375
0 0.515625 0.5703125 0.03125 0.01953125
0 0.7880859375 0.556640625 0.005859375 0.0078125
0 0.3408203125 0.5703125 0.037109375 0.05078125
0 0.2275390625 0.5693359375 0.041015625 0.048828125
0 0.4150390625 0.5224609375 0.001953125 0.009765625
0 0.779296875 0.515625 0.0078125 0.05078125
0 0.8515625 0.5078125 0.015625 0.04296875
0 0.7890625 0.513671875 0.0078125 0.0546875
0 0.421875 0.5107421875 0.0078125 0.052734375
0 0.5712890625 0.4765625 0.001953125 0.00390625
0 0.3916015625 0.4970703125 0.025390625 0.052734375
0 0.28515625 0.49609375 0.0390625 0.05078125
0 0.1708984375 0.4736328125 0.029296875 0.009765625
0 0.705078125 0.47265625 0.03515625 0.0234375
0 0.5166015625 0.4697265625 0.033203125 0.021484375
0 0.7421875 0.4677734375 0.02734375 0.025390625
0 0.470703125 0.46484375 0.0234375 0.0234375
0 0.744140625 0.435546875 0.00390625 0.0078125
0 0.8642578125 0.4267578125 0.001953125 0.001953125
0 0.4677734375 0.4267578125 0.001953125 0.001953125
0 0.2451171875 0.4267578125 0.001953125 0.005859375
0 0.751953125 0.4248046875 0.0078125 0.005859375
0 0.7783203125 0.4228515625 0.009765625 0.009765625
0 0.4365234375 0.4189453125 0.001953125 0.005859375
0 0.4541015625 0.41796875 0.005859375 0.0078125
0 0.8466796875 0.4033203125 0.001953125 0.001953125
0 0.490234375 0.408203125 0.0078125 0.015625
0 0.341796875 0.421875 0.0390625 0.05078125
0 0.2275390625 0.419921875 0.041015625 0.05078125
0 0.41796875 0.390625 0.0078125 0.015625
0 0.7900390625 0.400390625 0.005859375 0.0703125
0 0.4189453125 0.373046875 0.005859375 0.015625
0 0.8642578125 0.3798828125 0.033203125 0.076171875
0 0.1787109375 0.35546875 0.025390625 0.02734375
0 0.28515625 0.3505859375 0.04296875 0.044921875
0 0.3916015625 0.3447265625 0.025390625 0.060546875
