0 0.8857421875 0.921875 0.005859375 0.0078125
0 0.8828125 0.9091796875 0.00390625 0.005859375
0 0.2587890625 0.921875 0.013671875 0.04296875
0 0.3203125 0.896484375 0.01171875 0.01953125
0 0.396484375 0.7919921875 0.05078125 0.037109375
0 0.69140625 0.6767578125 0.00390625 0.001953125
0 0.697265625 0.677734375 0.0546875 0.04296875
0 0.2119140625 0.650390625 0.001953125 0.00390625
0 0.2099609375 0.66796875 0.021484375 0.0546875
0 0.8330078125 0.640625 0.005859375 0.015625
0 0.1904296875 0.6357421875 0.005859375 0.009765625
0 0.20703125 0.6328125 0.0078125 0.01171875
0 0.2001953125 0.62109375 0.009765625 0.0078125
0 0.3623046875 0.630859375 0.052734375 0.0390625
0 0.185546875 0.6044921875 0.015625 0.048828125
0 0.2431640625 0.5595703125 0.001953125 0.001953125
0 0.8125 0.5302734375 0.00390625 0.005859375
0 0.6640625 0.5205078125 0.0546875 0.044921875
0 0.181640625 0.49609375 0.0078125 0.015625
0 0.1884765625 0.4892578125 0.001953125 0.005859375
0 0.236328125 0.4775390625 0.015625 0.021484375
0 0.8037109375 0.4697265625 0.005859375 0.009765625
0 0.302734375 0.458984375 0.03515625 0.03515625
0 0.173828125 0.443359375 0.015625 0.03125
0 0.7958984375 0.4287109375 0.017578125 0.060546875
0 0.7822265625 0.4404296875 0.025390625 0.083984375
0 0.4033203125 0.400390625 0.005859375 0.0078125
0 0.72265625 0.3798828125 0.01953125 0.021484375
0 0.69921875 0.373046875 0.015625 0.015625
0 0.7529296875 0.3662109375 0.013671875 0.013671875
0 0.5703125 0.341796875 0.0078125 0.01171875
0 0.7734375 0.3232421875 0.00390625 0.005859375
0 0.6884765625 0.31640625 0.037109375 0.04296875
0 0.7685546875 0.2998046875 0.009765625 0.029296875
0 0.7626953125 0.2744140625 0.005859375 0.009765625
0 0.109375 0.2744140625 0.01953125 0.068359375
0 0.755859375 0.23046875 0.0078125 0.01953125
0 0.748046875 0.1953125 0.0078125 0.01171875
0 0.09375 0.1669921875 0.00390625 0.005859375
0 0.1708984375 0.18359375 0.037109375 0.04296875
0 0.7412109375 0.1650390625 0.009765625 0.033203125
0 0.6337890625 0.1484375 0.013671875 0.0390625
0 0.736328125 0.1337890625 0.0078125 0.017578125
0 0.732421875 0.115234375 0.00390625 0.0078125
0 0.7109375 0.12109375 0.01953125 0.0390625
0 0.728515625 0.09765625 0.0078125 0.0234375
0 0.724609375 0.0751953125 0.00390625 0.005859375
0 0.2529296875 0.0673828125 0.005859375 0.013671875
0 0.7216796875 0.0576171875 0.005859375 0.009765625
0 0.71875 0.0458984375 0.00390625 0.005859375
0 0.6044921875 0.0458984375 0.001953125 0.005859375
0 0.4228515625 0.0439453125 0.009765625 0.005859375
