0 0.67578125 0.9384765625 0.00390625 0.001953125
0 0.6708984375 0.9365234375 0.001953125 0.001953125
0 0.8408203125 0.9365234375 0.005859375 0.005859375
0 0.8251953125 0.9365234375 0.005859375 0.005859375
0 0.802734375 0.935546875 0.015625 0.00390625
0 0.7890625 0.935546875 0.00390625 0.00390625
0 0.74609375 0.9365234375 0.0078125 0.005859375
0 0.6884765625 0.935546875 0.001953125 0.00390625
0 0.5703125 0.9345703125 0.0078125 0.005859375
0 0.5517578125 0.9345703125 0.013671875 0.005859375
0 0.5380859375 0.9345703125 0.001953125 0.005859375
0 0.4912109375 0.93359375 0.013671875 0.00390625
0 0.4638671875 0.9345703125 0.025390625 0.005859375
0 0.396484375 0.93359375 0.00390625 0.00390625
0 0.228515625 0.9326171875 0.00390625 0.001953125
0 0.42578125 0.93359375 0.046875 0.0078125
0 0.8603515625 0.9326171875 0.029296875 0.009765625
0 0.279296875 0.9228515625 0.00390625 0.001953125
0 0.70703125 0.92578125 0.07421875 0.015625
0 0.111328125 0.9248046875 0.01953125 0.013671875
0 0.10546875 0.9111328125 0.00390625 0.005859375
0 0.72265625 0.908203125 0.03515625 0.0078125
0 0.67578125 0.9111328125 0.01171875 0.013671875
0 0.6943359375 0.9052734375 0.017578125 0.005859375
0 0.8193359375 0.908203125 0.041015625 0.03125
0 0.1728515625 0.9052734375 0.044921875 0.029296875
0 0.876953125 0.875 0.00390625 0.0234375
0 0.7041015625 0.7607421875 0.068359375 0.044921875
0 0.306640625 0.7578125 0.0703125 0.046875
0 0.0927734375 0.6748046875 0.005859375 0.021484375
0 0.091796875 0.6513671875 0.00390625 0.017578125
0 0.1220703125 0.5927734375 0.001953125 0.001953125
0 0.884765625 0.642578125 0.01953125 0.10546875
0 0.8759765625 0.5927734375 0.001953125 0.005859375
0 0.869140625 0.6416015625 0.01953125 0.103515625
0 0.091796875 0.5927734375 0.00390625 0.017578125
0 0.1083984375 0.6279296875 0.025390625 0.103515625
0 0.572265625 0.5498046875 0.0078125 0.009765625
0 0.423828125 0.5498046875 0.0078125 0.009765625
0 0.7099609375 0.5478515625 0.068359375 0.037109375
0 0.3076171875 0.5419921875 0.068359375 0.041015625
0 0.7880859375 0.5380859375 0.052734375 0.056640625
0 0.2080078125 0.5244140625 0.048828125 0.052734375
0 0.7900390625 0.4677734375 0.009765625 0.013671875
0 0.8115234375 0.4453125 0.009765625 0.01171875
0 0.2001953125 0.4453125 0.009765625 0.01171875
0 0.8662109375 0.4423828125 0.017578125 0.017578125
0 0.134765625 0.42578125 0.01171875 0.01171875
0 0.1728515625 0.42578125 0.017578125 0.0234375
0 0.25390625 0.4091796875 0.01953125 0.025390625
0 0.8935546875 0.3798828125 0.005859375 0.037109375
0 0.892578125 0.34765625 0.00390625 0.00390625
0 0.8974609375 0.302734375 0.005859375 0.0078125
0 0.8974609375 0.2666015625 0.005859375 0.044921875
0 0.8994140625 0.2265625 0.005859375 0.01171875
0 0.8994140625 0.2119140625 0.005859375 0.013671875
0 0.900390625 0.1728515625 0.00390625 0.025390625
0 0.9013671875 0.1494140625 0.005859375 0.009765625
0 0.9013671875 0.091796875 0.005859375 0.078125
