0 0.4638671875 0.9443359375 0.005859375 0.005859375
0 0.451171875 0.9404296875 0.0078125 0.005859375
0 0.4423828125 0.935546875 0.001953125 0.00390625
0 0.4287109375 0.9326171875 0.001953125 0.005859375
0 0.4169921875 0.9287109375 0.001953125 0.001953125
0 0.412109375 0.9267578125 0.00390625 0.005859375
0 0.400390625 0.9248046875 0.00390625 0.001953125
0 0.390625 0.9189453125 0.00390625 0.005859375
0 0.3759765625 0.9169921875 0.001953125 0.001953125
0 0.3525390625 0.90625 0.001953125 0.00390625
0 0.3388671875 0.9013671875 0.005859375 0.005859375
0 0.328125 0.896484375 0.00390625 0.00390625
0 0.314453125 0.892578125 0.00390625 0.00390625
0 0.3095703125 0.890625 0.001953125 0.00390625
0 0.30078125 0.8876953125 0.00390625 0.005859375
0 0.2890625 0.8837890625 0.00390625 0.005859375
0 0.2734375 0.8798828125 0.0078125 0.005859375
0 0.2626953125 0.8759765625 0.005859375 0.005859375
0 0.712890625 0.8671875 0.00390625 0.00390625
0 0.2548828125 0.861328125 0.001953125 0.00390625
0 0.2001953125 0.8603515625 0.005859375 0.001953125
0 0.728515625 0.8583984375 0.00390625 0.005859375
0 0.2568359375 0.85546875 0.001953125 0.00390625
0 0.248046875 0.8505859375 0.0078125 0.005859375
0 0.224609375 0.859375 0.05859375 0.02734375
0 0.2294921875 0.8447265625 0.001953125 0.001953125
0 0.20703125 0.8369140625 0.00390625 0.001953125
0 0.583984375 0.8466796875 0.05859375 0.048828125
0 0.1552734375 0.837890625 0.076171875 0.03125
0 0.0966796875 0.8173828125 0.009765625 0.009765625
0 0.1494140625 0.8154296875 0.029296875 0.021484375
0 0.0947265625 0.8056640625 0.001953125 0.001953125
0 0.734375 0.7998046875 0.0390625 0.091796875
0 0.27734375 0.736328125 0.0546875 0.04296875
0 0.751953125 0.6904296875 0.00390625 0.013671875
0 0.767578125 0.6826171875 0.00390625 0.001953125
0 0.7548828125 0.677734375 0.005859375 0.00390625
0 0.681640625 0.6953125 0.04296875 0.04296875
0 0.755859375 0.6689453125 0.00390625 0.005859375
0 0.6201171875 0.68359375 0.052734375 0.04296875
0 0.5126953125 0.6494140625 0.005859375 0.009765625
0 0.6943359375 0.6416015625 0.005859375 0.013671875
0 0.755859375 0.642578125 0.015625 0.01953125
0 0.7666015625 0.6318359375 0.001953125 0.001953125
0 0.7138671875 0.6279296875 0.009765625 0.013671875
0 0.14453125 0.62109375 0.00390625 0.0078125
0 0.3984375 0.6103515625 0.00390625 0.009765625
0 0.1484375 0.6064453125 0.00390625 0.005859375
0 0.150390625 0.5849609375 0.00390625 0.009765625
0 0.7783203125 0.57421875 0.001953125 0.0078125
0 0.1533203125 0.5703125 0.001953125 0.0078125
0 0.310546875 0.5732421875 0.0546875 0.041015625
0 0.154296875 0.5517578125 0.00390625 0.001953125
0 0.1328125 0.587890625 0.03125 0.0859375
0 0.236328125 0.5322265625 0.0390625 0.041015625
0 0.150390625 0.5087890625 0.01171875 0.048828125
0 0.15625 0.4765625 0.00390625 0.01171875
0 0.2431640625 0.46875 0.005859375 0.0078125
0 0.8154296875 0.4677734375 0.005859375 0.013671875
0 0.287109375 0.455078125 0.015625 0.01953125
0 0.2216796875 0.4462890625 0.013671875 0.013671875
0 0.193359375 0.4365234375 0.0078125 0.009765625
0 0.82421875 0.4326171875 0.00390625 0.005859375
0 0.828125 0.412109375 0.00390625 0.00390625
0 0.8310546875 0.400390625 0.005859375 0.015625
0 0.8359375 0.380859375 0.00390625 0.00390625
0 0.8388671875 0.365234375 0.005859375 0.0078125
0 0.845703125 0.3310546875 0.00390625 0.005859375
0 0.8515625 0.3076171875 0.0078125 0.029296875
0 0.857421875 0.27734375 0.00390625 0.00390625
0 0.861328125 0.26171875 0.00390625 0.00390625
0 0.869140625 0.23046875 0.01171875 0.0390625
0 0.857421875 0.216796875 0.0078125 0.015625
0 0.7197265625 0.2177734375 0.060546875 0.048828125
0 0.8779296875 0.1875 0.009765625 0.0234375
0 0.7763671875 0.1533203125 0.001953125 0.001953125
0 0.8857421875 0.1552734375 0.005859375 0.017578125
0 0.2177734375 0.1650390625 0.013671875 0.048828125
0 0.2958984375 0.1337890625 0.013671875 0.025390625
0 0.8408203125 0.0869140625 0.001953125 0.005859375
0 0.234375 0.0849609375 0.00390625 0.009765625
0 0.859375 0.0849609375 0.01953125 0.017578125
0 0.408203125 0.095703125 0.0546875 0.04296875
0 0.2373046875 0.0703125 0.005859375 0.01171875
0 0.873046875 0.060546875 0.00390625 0.01171875
0 0.8525390625 0.0595703125 0.009765625 0.013671875
0 0.859375 0.048828125 0.00390625 0.00390625
0 0.9052734375 0.0458984375 0.001953125 0.001953125
0 0.7568359375 0.056640625 0.060546875 0.04296875
0 0.888671875 0.115234375 0.0625 0.1796875
