0 0.767578125 0.984375 0.00390625 0.00390625
0 0.7138671875 0.9326171875 0.009765625 0.013671875
0 0.7421875 0.90625 0.00390625 0.00390625
0 0.7763671875 0.8896484375 0.001953125 0.001953125
0 0.6884765625 0.904296875 0.068359375 0.04296875
0 0.3173828125 0.9111328125 0.064453125 0.056640625
0 0.1298828125 0.8359375 0.025390625 0.04296875
0 0.1220703125 0.798828125 0.005859375 0.01171875
0 0.1435546875 0.7880859375 0.001953125 0.009765625
0 0.1435546875 0.7724609375 0.001953125 0.005859375
0 0.1201171875 0.775390625 0.005859375 0.02734375
0 0.1337890625 0.7490234375 0.021484375 0.017578125
0 0.42578125 0.7158203125 0.0078125 0.009765625
0 0.564453125 0.71484375 0.0078125 0.01171875
0 0.80078125 0.705078125 0.00390625 0.00390625
0 0.6943359375 0.712890625 0.064453125 0.0390625
0 0.318359375 0.7080078125 0.06640625 0.037109375
0 0.7685546875 0.7001953125 0.052734375 0.056640625
0 0.2255859375 0.69140625 0.048828125 0.0546875
0 0.76953125 0.6357421875 0.01171875 0.017578125
0 0.21875 0.619140625 0.0078125 0.01171875
0 0.7890625 0.61328125 0.01171875 0.015625
0 0.1923828125 0.6005859375 0.017578125 0.017578125
0 0.1572265625 0.599609375 0.013671875 0.015625
0 0.267578125 0.5849609375 0.015625 0.025390625
0 0.826171875 0.509765625 0.00390625 0.0078125
0 0.2041015625 0.2197265625 0.017578125 0.025390625
0 0.861328125 0.138671875 0.0078125 0.015625
0 0.70703125 0.1416015625 0.07421875 0.048828125
0 0.3212890625 0.126953125 0.068359375 0.0390625
0 0.85546875 0.107421875 0.01171875 0.01171875
0 0.880859375 0.0283203125 0.0078125 0.056640625
0 0.859375 0.0498046875 0.0234375 0.099609375
