0 0.728515625 0.962890625 0.0078125 0.015625
0 0.3115234375 0.966796875 0.009765625 0.0234375
0 0.3154296875 0.9365234375 0.068359375 0.037109375
0 0.703125 0.93359375 0.0703125 0.04296875
0 0.83984375 0.9072265625 0.00390625 0.005859375
0 0.8369140625 0.89453125 0.005859375 0.0078125
0 0.1279296875 0.8642578125 0.005859375 0.009765625
0 0.11328125 0.8681640625 0.015625 0.048828125
0 0.1337890625 0.8173828125 0.001953125 0.009765625
0 0.1181640625 0.794921875 0.029296875 0.05078125
0 0.1142578125 0.76171875 0.005859375 0.01171875
0 0.427734375 0.7421875 0.0078125 0.01171875
0 0.1494140625 0.736328125 0.001953125 0.00390625
0 0.572265625 0.736328125 0.0078125 0.01171875
0 0.1484375 0.724609375 0.01171875 0.0078125
0 0.31640625 0.734375 0.0703125 0.0390625
0 0.70703125 0.732421875 0.06640625 0.0390625
0 0.7841796875 0.7197265625 0.052734375 0.052734375
0 0.2177734375 0.71875 0.048828125 0.05078125
0 0.865234375 0.681640625 0.0078125 0.03515625
0 0.7841796875 0.6513671875 0.009765625 0.009765625
0 0.2109375 0.6416015625 0.0078125 0.009765625
0 0.8056640625 0.6259765625 0.009765625 0.013671875
0 0.14453125 0.625 0.01171875 0.01171875
0 0.859375 0.626953125 0.015625 0.0234375
0 0.181640625 0.6220703125 0.015625 0.017578125
0 0.8623046875 0.607421875 0.001953125 0.00390625
0 0.26171875 0.607421875 0.015625 0.0234375
0 0.8662109375 0.5400390625 0.005859375 0.017578125
0 0.88671875 0.521484375 0.0078125 0.02734375
0 0.1083984375 0.5068359375 0.009765625 0.083984375
0 0.890625 0.4072265625 0.00390625 0.013671875
0 0.892578125 0.31640625 0.00390625 0.00390625
0 0.89453125 0.29296875 0.00390625 0.00390625
0 0.8916015625 0.2646484375 0.001953125 0.005859375
0 0.89453125 0.2548828125 0.0078125 0.009765625
0 0.103515625 0.2578125 0.01171875 0.01953125
0 0.89453125 0.23828125 0.00390625 0.00390625
0 0.1923828125 0.224609375 0.017578125 0.0234375
0 0.8955078125 0.2138671875 0.001953125 0.005859375
0 0.8955078125 0.2001953125 0.001953125 0.005859375
0 0.8955078125 0.1826171875 0.001953125 0.009765625
0 0.896484375 0.1669921875 0.00390625 0.005859375
0 0.896484375 0.1474609375 0.00390625 0.005859375
0 0.716796875 0.1376953125 0.07421875 0.048828125
0 0.314453125 0.12890625 0.0703125 0.0390625
0 0.8974609375 0.1162109375 0.005859375 0.048828125
0 0.8984375 0.083984375 0.00390625 0.01171875
0 0.8994140625 0.03515625 0.005859375 0.0703125
0 0.8779296875 0.0078125 0.013671875 0.015625
