0 0.427734375 0.9228515625 0.0078125 0.001953125
0 0.4501953125 0.9208984375 0.033203125 0.017578125
0 0.2958984375 0.9189453125 0.005859375 0.013671875
0 0.2919921875 0.9072265625 0.001953125 0.005859375
0 0.8671875 0.9013671875 0.04296875 0.025390625
0 0.2880859375 0.888671875 0.001953125 0.00390625
0 0.841796875 0.89453125 0.03125 0.0234375
0 0.8857421875 0.8837890625 0.005859375 0.005859375
0 0.8828125 0.875 0.00390625 0.00390625
0 0.2763671875 0.90625 0.025390625 0.09765625
0 0.880859375 0.8583984375 0.00390625 0.005859375
0 0.7509765625 0.8369140625 0.009765625 0.017578125
0 0.8740234375 0.8212890625 0.009765625 0.029296875
0 0.2578125 0.8203125 0.01171875 0.0390625
0 0.734375 0.818359375 0.05078125 0.04296875
0 0.8671875 0.783203125 0.00390625 0.0078125
0 0.3359375 0.7939453125 0.03515625 0.037109375
0 0.4111328125 0.779296875 0.052734375 0.0390625
0 0.8349609375 0.7587890625 0.001953125 0.001953125
0 0.84765625 0.75390625 0.00390625 0.00390625
0 0.8291015625 0.7509765625 0.001953125 0.001953125
0 0.4951171875 0.751953125 0.005859375 0.0078125
0 0.2685546875 0.744140625 0.005859375 0.0078125
0 0.3193359375 0.7412109375 0.005859375 0.005859375
0 0.294921875 0.736328125 0.01171875 0.01171875
0 0.6015625 0.7080078125 0.0078125 0.009765625
0 0.349609375 0.69921875 0.01171875 0.01953125
0 0.703125 0.66796875 0.05078125 0.0390625
0 0.841796875 0.6884765625 0.0390625 0.083984375
0 0.7607421875 0.634765625 0.041015625 0.04296875
0 0.8310546875 0.5947265625 0.001953125 0.005859375
0 0.75 0.583984375 0.00390625 0.0078125
0 0.8251953125 0.5615234375 0.005859375 0.005859375
0 0.7626953125 0.560546875 0.005859375 0.0078125
0 0.822265625 0.5439453125 0.00390625 0.001953125
0 0.7998046875 0.54296875 0.013671875 0.015625
0 0.814453125 0.5048828125 0.0078125 0.021484375
0 0.18359375 0.4990234375 0.015625 0.052734375
0 0.2373046875 0.4375 0.013671875 0.01953125
0 0.314453125 0.3310546875 0.05078125 0.037109375
0 0.126953125 0.2294921875 0.00390625 0.005859375
0 0.134765625 0.2275390625 0.0078125 0.009765625
0 0.7568359375 0.2109375 0.005859375 0.015625
0 0.1337890625 0.2099609375 0.001953125 0.013671875
0 0.615234375 0.2216796875 0.0546875 0.044921875
0 0.75390625 0.1904296875 0.00390625 0.005859375
0 0.12890625 0.1923828125 0.00390625 0.013671875
0 0.1259765625 0.1787109375 0.001953125 0.009765625
0 0.1240234375 0.1708984375 0.001953125 0.001953125
0 0.75 0.171875 0.0078125 0.01953125
0 0.1201171875 0.1611328125 0.005859375 0.009765625
0 0.279296875 0.1669921875 0.0546875 0.044921875
0 0.7451171875 0.1494140625 0.005859375 0.017578125
0 0.107421875 0.16015625 0.015625 0.04296875
0 0.1171875 0.109375 0.0078125 0.0078125
0 0.1572265625 0.0947265625 0.005859375 0.009765625
0 0.1689453125 0.068359375 0.001953125 0.00390625
0 0.7353515625 0.0927734375 0.017578125 0.076171875
0 0.58203125 0.0615234375 0.05859375 0.041015625
