0 0.857421875 0.943359375 0.0078125 0.0078125
0 0.8681640625 0.9208984375 0.009765625 0.013671875
0 0.2685546875 0.869140625 0.005859375 0.0078125
0 0.2626953125 0.845703125 0.009765625 0.02734375
0 0.2568359375 0.8203125 0.005859375 0.01171875
0 0.3251953125 0.8017578125 0.013671875 0.021484375
0 0.89453125 0.689453125 0.00390625 0.0078125
0 0.892578125 0.6787109375 0.00390625 0.005859375
0 0.404296875 0.69140625 0.0546875 0.04296875
0 0.88671875 0.64453125 0.00390625 0.00390625
0 0.8828125 0.626953125 0.00390625 0.0078125
0 0.8701171875 0.5537109375 0.005859375 0.009765625
0 0.720703125 0.5732421875 0.05859375 0.048828125
0 0.19921875 0.5556640625 0.03125 0.072265625
0 0.193359375 0.5087890625 0.01953125 0.009765625
0 0.3681640625 0.5205078125 0.060546875 0.044921875
0 0.8623046875 0.515625 0.017578125 0.0625
0 0.1806640625 0.4892578125 0.009765625 0.033203125
0 0.8544921875 0.4716796875 0.005859375 0.009765625
0 0.19921875 0.462890625 0.0078125 0.0078125
0 0.8515625 0.45703125 0.00390625 0.0078125
0 0.2392578125 0.4462890625 0.005859375 0.009765625
0 0.8486328125 0.439453125 0.005859375 0.01171875
0 0.8447265625 0.423828125 0.005859375 0.01171875
0 0.2529296875 0.4208984375 0.005859375 0.005859375
0 0.8427734375 0.4052734375 0.001953125 0.001953125
0 0.1875 0.3857421875 0.00390625 0.005859375
0 0.6875 0.404296875 0.05859375 0.046875
0 0.8369140625 0.380859375 0.009765625 0.03125
0 0.1796875 0.3759765625 0.01171875 0.021484375
0 0.2353515625 0.3544921875 0.013671875 0.029296875
0 0.8212890625 0.33984375 0.001953125 0.00390625
0 0.3056640625 0.337890625 0.033203125 0.03515625
0 0.8154296875 0.3046875 0.001953125 0.00390625
0 0.169921875 0.3203125 0.01953125 0.03515625
0 0.4130859375 0.2763671875 0.009765625 0.009765625
0 0.75 0.2548828125 0.0234375 0.029296875
0 0.724609375 0.248046875 0.015625 0.01953125
0 0.8173828125 0.2978515625 0.041015625 0.138671875
0 0.7841796875 0.2333984375 0.021484375 0.033203125
0 0.587890625 0.2138671875 0.0078125 0.009765625
0 0.712890625 0.185546875 0.04296875 0.05078125
0 0.1044921875 0.1513671875 0.013671875 0.048828125
0 0.0966796875 0.119140625 0.005859375 0.01171875
0 0.0791015625 0.033203125 0.005859375 0.0078125
0 0.0849609375 0.025390625 0.005859375 0.0078125
0 0.7880859375 0.1201171875 0.041015625 0.201171875
0 0.6572265625 0.025390625 0.009765625 0.01171875
0 0.1669921875 0.04296875 0.041015625 0.046875
