0 0.3974609375 0.9228515625 0.009765625 0.017578125
0 0.74609375 0.888671875 0.05078125 0.04296875
0 0.880859375 0.896484375 0.0390625 0.0625
0 0.87890625 0.861328125 0.00390625 0.0078125
0 0.876953125 0.84765625 0.00390625 0.015625
0 0.7998046875 0.8544921875 0.041015625 0.041015625
0 0.7900390625 0.8056640625 0.009765625 0.009765625
0 0.8681640625 0.7998046875 0.005859375 0.005859375
0 0.865234375 0.7861328125 0.00390625 0.005859375
0 0.802734375 0.7841796875 0.0078125 0.009765625
0 0.861328125 0.7666015625 0.00390625 0.013671875
0 0.8408203125 0.7666015625 0.013671875 0.017578125
0 0.8564453125 0.740234375 0.005859375 0.01171875
0 0.234375 0.724609375 0.0078125 0.02734375
0 0.8505859375 0.7158203125 0.009765625 0.033203125
0 0.228515625 0.6943359375 0.0078125 0.025390625
0 0.2939453125 0.6669921875 0.001953125 0.001953125
0 0.287109375 0.6689453125 0.01171875 0.017578125
0 0.3623046875 0.564453125 0.052734375 0.03515625
0 0.1826171875 0.466796875 0.009765625 0.0078125
0 0.798828125 0.4365234375 0.00390625 0.005859375
0 0.66015625 0.455078125 0.0546875 0.04296875
0 0.1611328125 0.4248046875 0.001953125 0.001953125
0 0.7958984375 0.419921875 0.005859375 0.01171875
0 0.79296875 0.408203125 0.00390625 0.0078125
0 0.177734375 0.412109375 0.00390625 0.015625
0 0.7900390625 0.392578125 0.005859375 0.01171875
0 0.330078125 0.4033203125 0.0546875 0.041015625
0 0.1630859375 0.388671875 0.021484375 0.03515625
0 0.1513671875 0.3642578125 0.005859375 0.005859375
0 0.1728515625 0.34765625 0.001953125 0.00390625
0 0.208984375 0.33203125 0.00390625 0.0078125
0 0.7802734375 0.3330078125 0.009765625 0.029296875
0 0.2236328125 0.3115234375 0.001953125 0.001953125
0 0.2216796875 0.3076171875 0.001953125 0.001953125
0 0.7744140625 0.3076171875 0.005859375 0.009765625
0 0.771484375 0.2939453125 0.00390625 0.009765625
0 0.1591796875 0.2783203125 0.001953125 0.001953125
0 0.7685546875 0.2783203125 0.001953125 0.005859375
0 0.626953125 0.294921875 0.0546875 0.04296875
0 0.15234375 0.2666015625 0.01171875 0.017578125
0 0.765625 0.26171875 0.00390625 0.01171875
0 0.2041015625 0.248046875 0.013671875 0.02734375
0 0.271484375 0.2333984375 0.03125 0.033203125
0 0.1435546875 0.21484375 0.017578125 0.03125
0 0.369140625 0.17578125 0.0078125 0.0078125
0 0.7490234375 0.212890625 0.037109375 0.09375
0 0.6865234375 0.154296875 0.017578125 0.0234375
0 0.6630859375 0.150390625 0.009765625 0.015625
0 0.7177734375 0.1455078125 0.009765625 0.013671875
0 0.7412109375 0.1396484375 0.009765625 0.025390625
0 0.5341796875 0.1181640625 0.005859375 0.009765625
0 0.650390625 0.0927734375 0.0390625 0.044921875
0 0.0859375 0.0771484375 0.01171875 0.037109375
0 0.7314453125 0.0908203125 0.017578125 0.068359375
