0 0.1103515625 0.921875 0.001953125 0.00390625
0 0.35546875 0.9169921875 0.00390625 0.005859375
0 0.1201171875 0.9169921875 0.005859375 0.009765625
0 0.71875 0.9013671875 0.00390625 0.005859375
0 0.1220703125 0.8974609375 0.001953125 0.005859375
0 0.720703125 0.890625 0.00390625 0.0078125
0 0.724609375 0.8740234375 0.00390625 0.001953125
0 0.2724609375 0.884765625 0.048828125 0.03515625
0 0.1103515625 0.9072265625 0.041015625 0.091796875
0 0.728515625 0.857421875 0.00390625 0.0078125
0 0.203125 0.8486328125 0.03125 0.033203125
0 0.736328125 0.822265625 0.00390625 0.00390625
0 0.73828125 0.8115234375 0.00390625 0.009765625
0 0.7421875 0.7958984375 0.00390625 0.005859375
0 0.208984375 0.79296875 0.00390625 0.00390625
0 0.1259765625 0.8017578125 0.013671875 0.052734375
0 0.2490234375 0.779296875 0.013671875 0.01953125
0 0.1904296875 0.771484375 0.009765625 0.01171875
0 0.162109375 0.76171875 0.0078125 0.0078125
0 0.751953125 0.7529296875 0.00390625 0.001953125
0 0.796875 0.5537109375 0.00390625 0.005859375
0 0.6552734375 0.5546875 0.052734375 0.04296875
0 0.7939453125 0.5 0.005859375 0.0078125
0 0.255859375 0.4833984375 0.01171875 0.017578125
0 0.189453125 0.4892578125 0.01171875 0.044921875
0 0.8154296875 0.4384765625 0.001953125 0.005859375
0 0.361328125 0.4462890625 0.05078125 0.037109375
0 0.6884765625 0.4013671875 0.056640625 0.044921875
0 0.826171875 0.3623046875 0.0078125 0.009765625
0 0.8212890625 0.40625 0.041015625 0.1015625
0 0.8427734375 0.34375 0.005859375 0.0078125
0 0.8466796875 0.3232421875 0.005859375 0.009765625
0 0.8505859375 0.3076171875 0.005859375 0.013671875
0 0.8310546875 0.3017578125 0.001953125 0.001953125
0 0.7724609375 0.3017578125 0.013671875 0.021484375
0 0.2265625 0.2978515625 0.0078125 0.025390625
0 0.8115234375 0.3134765625 0.064453125 0.072265625
0 0.23046875 0.2763671875 0.00390625 0.009765625
0 0.3935546875 0.2880859375 0.056640625 0.044921875
0 0.857421875 0.2744140625 0.01171875 0.041015625
0 0.8642578125 0.244140625 0.005859375 0.01171875
0 0.8291015625 0.23828125 0.001953125 0.00390625
0 0.853515625 0.2373046875 0.00390625 0.009765625
0 0.25 0.236328125 0.0078125 0.0078125
0 0.8681640625 0.23046875 0.005859375 0.0078125
0 0.240234375 0.232421875 0.0078125 0.01171875
0 0.8564453125 0.2265625 0.001953125 0.00390625
0 0.2548828125 0.2275390625 0.001953125 0.005859375
0 0.7841796875 0.2470703125 0.041015625 0.048828125
0 0.2568359375 0.216796875 0.001953125 0.0078125
0 0.2587890625 0.2041015625 0.001953125 0.001953125
0 0.2607421875 0.19921875 0.001953125 0.00390625
0 0.2607421875 0.1884765625 0.005859375 0.013671875
0 0.6796875 0.1865234375 0.0078125 0.013671875
0 0.2646484375 0.169921875 0.005859375 0.015625
0 0.2548828125 0.1650390625 0.013671875 0.021484375
0 0.3203125 0.1416015625 0.0078125 0.013671875
0 0.3408203125 0.130859375 0.005859375 0.0078125
0 0.2802734375 0.126953125 0.009765625 0.01171875
0 0.51953125 0.12109375 0.0078125 0.01171875
0 0.263671875 0.1123046875 0.00390625 0.005859375
0 0.8427734375 0.0908203125 0.001953125 0.005859375
0 0.4130859375 0.099609375 0.033203125 0.03515625
0 0.8857421875 0.14453125 0.033203125 0.13671875
0 0.26953125 0.080078125 0.00390625 0.0078125
0 0.875 0.1435546875 0.03125 0.138671875
0 0.904296875 0.0634765625 0.00390625 0.005859375
0 0.802734375 0.0751953125 0.01953125 0.033203125
0 0.2734375 0.0615234375 0.00390625 0.005859375
0 0.3505859375 0.0673828125 0.017578125 0.033203125
0 0.298828125 0.0576171875 0.01171875 0.013671875
