0 0.8291015625 0.9931640625 0.017578125 0.009765625
0 0.14453125 0.994140625 0.0234375 0.01171875
0 0.8427734375 0.9892578125 0.005859375 0.017578125
0 0.8427734375 0.96875 0.005859375 0.015625
0 0.4267578125 0.9638671875 0.005859375 0.009765625
0 0.55859375 0.9619140625 0.0078125 0.009765625
0 0.6826171875 0.95703125 0.064453125 0.03515625
0 0.3212890625 0.955078125 0.064453125 0.03125
0 0.75390625 0.9453125 0.05078125 0.046875
0 0.2314453125 0.94140625 0.044921875 0.05078125
0 0.7568359375 0.8818359375 0.005859375 0.009765625
0 0.2275390625 0.8720703125 0.005859375 0.009765625
0 0.775390625 0.8623046875 0.01171875 0.013671875
0 0.82421875 0.8603515625 0.015625 0.021484375
0 0.166015625 0.8544921875 0.01171875 0.009765625
0 0.19921875 0.85546875 0.015625 0.015625
0 0.2724609375 0.8408203125 0.017578125 0.021484375
0 0.8486328125 0.8291015625 0.001953125 0.005859375
0 0.849609375 0.7998046875 0.00390625 0.005859375
0 0.8515625 0.7763671875 0.00390625 0.013671875
0 0.8515625 0.7470703125 0.00390625 0.037109375
0 0.8603515625 0.5068359375 0.005859375 0.052734375
0 0.2109375 0.4921875 0.015625 0.0234375
0 0.697265625 0.4140625 0.06640625 0.04296875
0 0.32421875 0.404296875 0.06640625 0.03125
0 0.865234375 0.3701171875 0.00390625 0.005859375
0 0.8681640625 0.263671875 0.005859375 0.05859375
0 0.701171875 0.2158203125 0.0703125 0.041015625
0 0.130859375 0.19140625 0.00390625 0.0078125
0 0.3271484375 0.203125 0.068359375 0.04296875
0 0.138671875 0.1865234375 0.01171875 0.009765625
0 0.8642578125 0.173828125 0.001953125 0.01171875
0 0.138671875 0.1552734375 0.01171875 0.009765625
0 0.12890625 0.1669921875 0.0078125 0.033203125
0 0.140625 0.1728515625 0.01953125 0.072265625
0 0.8544921875 0.18359375 0.021484375 0.1015625
0 0.1279296875 0.1376953125 0.005859375 0.021484375
0 0.873046875 0.171875 0.01171875 0.1171875
0 0.138671875 0.115234375 0.02734375 0.02734375
0 0.8720703125 0.1015625 0.005859375 0.01171875
0 0.8046875 0.0810546875 0.0234375 0.033203125
0 0.2060546875 0.060546875 0.013671875 0.01171875
0 0.1552734375 0.0595703125 0.013671875 0.009765625
0 0.7783203125 0.064453125 0.017578125 0.0234375
0 0.873046875 0.0556640625 0.00390625 0.017578125
0 0.84375 0.0712890625 0.03515625 0.056640625
0 0.2275390625 0.0390625 0.005859375 0.01171875
0 0.8740234375 0.0205078125 0.005859375 0.041015625
0 0.7822265625 0.0107421875 0.048828125 0.021484375
