0 0.87109375 0.90234375 0.00390625 0.015625
0 0.234375 0.89453125 0.015625 0.0234375
0 0.873046875 0.857421875 0.00390625 0.00390625
0 0.875 0.849609375 0.00390625 0.0078125
0 0.7109375 0.8115234375 0.06640625 0.037109375
0 0.3466796875 0.8076171875 0.060546875 0.033203125
0 0.8798828125 0.6611328125 0.005859375 0.013671875
0 0.8740234375 0.615234375 0.001953125 0.00390625
0 0.1640625 0.61328125 0.01953125 0.015625
0 0.701171875 0.62109375 0.03125 0.03515625
0 0.732421875 0.6201171875 0.0390625 0.037109375
0 0.15625 0.6005859375 0.00390625 0.005859375
0 0.3486328125 0.61328125 0.068359375 0.0390625
0 0.15625 0.587890625 0.00390625 0.00390625
0 0.8759765625 0.5595703125 0.001953125 0.001953125
0 0.8837890625 0.5888671875 0.021484375 0.099609375
0 0.8818359375 0.5419921875 0.005859375 0.005859375
0 0.8681640625 0.5859375 0.017578125 0.09765625
0 0.158203125 0.548828125 0.015625 0.03515625
0 0.169921875 0.5302734375 0.0078125 0.005859375
0 0.8564453125 0.48828125 0.013671875 0.015625
0 0.8203125 0.48828125 0.01953125 0.02734375
0 0.1796875 0.4755859375 0.0078125 0.005859375
0 0.2294921875 0.474609375 0.005859375 0.0078125
0 0.7939453125 0.4716796875 0.013671875 0.017578125
0 0.25 0.455078125 0.0078125 0.00390625
0 0.7958984375 0.40234375 0.048828125 0.05078125
0 0.6591796875 0.376953125 0.005859375 0.0078125
0 0.3251953125 0.388671875 0.037109375 0.0390625
0 0.1826171875 0.3798828125 0.013671875 0.025390625
0 0.4560546875 0.3701171875 0.005859375 0.009765625
0 0.2451171875 0.380859375 0.013671875 0.03515625
0 0.890625 0.3876953125 0.0078125 0.072265625
0 0.1826171875 0.3125 0.013671875 0.04296875
0 0.892578125 0.2705078125 0.00390625 0.025390625
0 0.8603515625 0.2216796875 0.001953125 0.001953125
0 0.8974609375 0.21875 0.005859375 0.0078125
0 0.896484375 0.189453125 0.00390625 0.01953125
0 0.8720703125 0.1953125 0.017578125 0.05078125
0 0.7783203125 0.1904296875 0.017578125 0.044921875
0 0.8984375 0.1484375 0.0078125 0.05078125
0 0.08203125 0.1181640625 0.01171875 0.013671875
0 0.078125 0.1064453125 0.0078125 0.005859375
0 0.8994140625 0.0888671875 0.005859375 0.064453125
0 0.7822265625 0.0537109375 0.037109375 0.029296875
0 0.880859375 0.0166015625 0.00390625 0.005859375
0 0.8515625 0.041015625 0.05078125 0.0546875
0 0.8896484375 0.00390625 0.009765625 0.0078125
0 0.24609375 0.021484375 0.046875 0.04296875
