0 0.0966796875 0.947265625 0.005859375 0.0234375
0 0.3095703125 0.9267578125 0.068359375 0.037109375
0 0.716796875 0.923828125 0.07421875 0.04296875
0 0.916015625 0.728515625 0.0078125 0.015625
0 0.72265625 0.7119140625 0.0703125 0.041015625
0 0.3115234375 0.7099609375 0.076171875 0.041015625
0 0.1552734375 0.6591796875 0.001953125 0.005859375
0 0.1220703125 0.6494140625 0.005859375 0.005859375
0 0.15625 0.6376953125 0.00390625 0.005859375
0 0.1220703125 0.630859375 0.005859375 0.0078125
0 0.9130859375 0.6708984375 0.013671875 0.095703125
0 0.1015625 0.6748046875 0.02734375 0.103515625
0 0.8896484375 0.6728515625 0.017578125 0.107421875
0 0.107421875 0.623046875 0.01171875 0.01171875
0 0.173828125 0.5625 0.0078125 0.01171875
0 0.1181640625 0.5615234375 0.009765625 0.009765625
0 0.875 0.564453125 0.015625 0.01953125
0 0.833984375 0.5634765625 0.0234375 0.029296875
0 0.8056640625 0.546875 0.017578125 0.01953125
0 0.1982421875 0.5380859375 0.005859375 0.009765625
0 0.126953125 0.4638671875 0.0078125 0.009765625
0 0.126953125 0.4482421875 0.00390625 0.005859375
0 0.1181640625 0.455078125 0.009765625 0.0234375
0 0.8076171875 0.46875 0.052734375 0.0546875
0 0.654296875 0.447265625 0.0078125 0.01171875
0 0.283203125 0.462890625 0.046875 0.04296875
0 0.4306640625 0.439453125 0.005859375 0.01171875
0 0.193359375 0.4521484375 0.015625 0.037109375
0 0.0869140625 0.4375 0.009765625 0.03515625
0 0.087890625 0.388671875 0.0078125 0.0234375
0 0.9169921875 0.373046875 0.005859375 0.0078125
0 0.1220703125 0.380859375 0.017578125 0.04296875
0 0.9169921875 0.3603515625 0.005859375 0.009765625
0 0.91796875 0.3134765625 0.00390625 0.005859375
0 0.9189453125 0.291015625 0.005859375 0.02734375
0 0.9189453125 0.267578125 0.005859375 0.015625
0 0.9189453125 0.2412109375 0.005859375 0.029296875
0 0.8896484375 0.2373046875 0.021484375 0.056640625
0 0.787109375 0.2333984375 0.01953125 0.048828125
0 0.9208984375 0.2138671875 0.005859375 0.021484375
0 0.9208984375 0.177734375 0.005859375 0.0390625
0 0.0595703125 0.1279296875 0.013671875 0.021484375
0 0.083984375 0.1318359375 0.01171875 0.056640625
0 0.923828125 0.1015625 0.00390625 0.01171875
0 0.0830078125 0.091796875 0.013671875 0.01171875
0 0.791015625 0.08203125 0.0390625 0.02734375
0 0.8671875 0.06640625 0.0546875 0.0625
0 0.9091796875 0.0224609375 0.009765625 0.013671875
0 0.1904296875 0.044921875 0.052734375 0.05859375
0 0.87890625 0.0048828125 0.0078125 0.005859375
0 0.8505859375 0.00390625 0.044921875 0.0078125
0 0.0859375 0.0009765625 0.00390625 0.001953125
