0 0.6416015625 0.6826171875 0.025390625 0.013671875
0 0.6201171875 0.6728515625 0.013671875 0.009765625
0 0.609375 0.669921875 0.00390625 0.0078125
0 0.6376953125 0.6689453125 0.017578125 0.009765625
0 0.6044921875 0.6669921875 0.001953125 0.005859375
0 0.5546875 0.650390625 0.00390625 0.00390625
0 0.533203125 0.6416015625 0.00390625 0.005859375
0 0.939453125 0.6376953125 0.0234375 0.009765625
0 0.30078125 0.626953125 0.015625 0.0078125
0 0.169921875 0.6259765625 0.03125 0.009765625
0 0.4765625 0.6220703125 0.00390625 0.005859375
0 0.041015625 0.6240234375 0.01953125 0.009765625
0 0.853515625 0.6220703125 0.0234375 0.009765625
0 0.4697265625 0.6181640625 0.001953125 0.005859375
0 0.2509765625 0.61328125 0.017578125 0.0078125
0 0.7783203125 0.609375 0.013671875 0.0078125
0 0.126953125 0.611328125 0.03125 0.01171875
0 0.431640625 0.6044921875 0.00390625 0.005859375
0 0.3212890625 0.6015625 0.021484375 0.0078125
0 0.4169921875 0.599609375 0.009765625 0.0078125
0 0.2041015625 0.599609375 0.029296875 0.0078125
0 0.2744140625 0.587890625 0.154296875 0.0078125
0 0.1748046875 0.5869140625 0.001953125 0.005859375
0 0.3740234375 0.583984375 0.001953125 0.00390625
0 0.599609375 0.5830078125 0.03125 0.021484375
0 0.3876953125 0.5830078125 0.021484375 0.021484375
0 0.3525390625 0.5654296875 0.013671875 0.009765625
0 0.322265625 0.564453125 0.0078125 0.0078125
0 0.68359375 0.5556640625 0.0234375 0.048828125
0 0.4248046875 0.5185546875 0.029296875 0.021484375
0 0.7666015625 0.552734375 0.091796875 0.09765625
0 0.74609375 0.4990234375 0.00390625 0.001953125
0 0.2216796875 0.5185546875 0.041015625 0.048828125
0 0.6552734375 0.4990234375 0.021484375 0.025390625
0 0.7431640625 0.494140625 0.005859375 0.01953125
0 0.6181640625 0.490234375 0.029296875 0.0234375
0 0.7470703125 0.4775390625 0.001953125 0.001953125
0 0.6953125 0.46875 0.0078125 0.0078125
0 0.66015625 0.4677734375 0.00390625 0.005859375
0 0.7080078125 0.4619140625 0.001953125 0.005859375
0 0.6708984375 0.4609375 0.005859375 0.00390625
0 0.75390625 0.4619140625 0.01171875 0.013671875
0 0.7529296875 0.4501953125 0.001953125 0.001953125
0 0.7548828125 0.4404296875 0.001953125 0.005859375
0 0.8076171875 0.4609375 0.041015625 0.05078125
0 0.275390625 0.4482421875 0.0390625 0.048828125
0 0.7587890625 0.4267578125 0.005859375 0.009765625
0 0.1669921875 0.4267578125 0.029296875 0.009765625
0 0.7177734375 0.4150390625 0.001953125 0.001953125
0 0.4443359375 0.42578125 0.029296875 0.0234375
0 0.720703125 0.4033203125 0.00390625 0.001953125
0 0.3486328125 0.4287109375 0.021484375 0.056640625
0 0.7216796875 0.396484375 0.005859375 0.00390625
0 0.4033203125 0.4033203125 0.021484375 0.021484375
0 0.3525390625 0.3955078125 0.005859375 0.005859375
0 0.3544921875 0.3857421875 0.005859375 0.009765625
0 0.7255859375 0.3798828125 0.005859375 0.013671875
0 0.4072265625 0.3681640625 0.001953125 0.001953125
0 0.728515625 0.3671875 0.00390625 0.0078125
0 0.806640625 0.3623046875 0.00390625 0.009765625
0 0.322265625 0.375 0.01953125 0.04296875
0 0.4296875 0.357421875 0.0078125 0.01171875
0 0.3955078125 0.35546875 0.005859375 0.0078125
0 0.220703125 0.3759765625 0.04296875 0.048828125
0 0.37890625 0.349609375 0.00390625 0.00390625
0 0.8310546875 0.3564453125 0.017578125 0.033203125
0 0.8349609375 0.3349609375 0.001953125 0.005859375
0 0.736328125 0.3330078125 0.00390625 0.009765625
0 0.1767578125 0.3154296875 0.025390625 0.025390625
0 0.802734375 0.3525390625 0.08203125 0.115234375
0 0.275390625 0.30859375 0.0390625 0.04296875
