0 0.6123046875 0.90234375 0.056640625 0.04296875
0 0.1962890625 0.83984375 0.005859375 0.0078125
0 0.1923828125 0.8349609375 0.013671875 0.017578125
0 0.126953125 0.8154296875 0.01171875 0.037109375
0 0.3046875 0.794921875 0.05078125 0.03515625
0 0.791015625 0.7802734375 0.015625 0.041015625
0 0.6484375 0.7431640625 0.05859375 0.041015625
0 0.787109375 0.7548828125 0.04296875 0.080078125
0 0.78515625 0.6728515625 0.01171875 0.013671875
0 0.75390625 0.66015625 0.01953125 0.0234375
0 0.7373046875 0.6376953125 0.009765625 0.017578125
0 0.8232421875 0.6298828125 0.005859375 0.005859375
0 0.1640625 0.6298828125 0.00390625 0.005859375
0 0.8251953125 0.62109375 0.005859375 0.0078125
0 0.1669921875 0.6142578125 0.001953125 0.001953125
0 0.3388671875 0.6298828125 0.056640625 0.041015625
0 0.8271484375 0.609375 0.005859375 0.01171875
0 0.830078125 0.5966796875 0.00390625 0.005859375
0 0.1708984375 0.595703125 0.005859375 0.00390625
0 0.833984375 0.58203125 0.00390625 0.00390625
0 0.18359375 0.5732421875 0.0234375 0.021484375
0 0.75 0.58203125 0.03515625 0.04296875
0 0.8447265625 0.533203125 0.001953125 0.00390625
0 0.193359375 0.541015625 0.01171875 0.03125
0 0.638671875 0.5224609375 0.0078125 0.009765625
0 0.185546875 0.517578125 0.00390625 0.00390625
0 0.1962890625 0.509765625 0.017578125 0.01953125
0 0.26171875 0.4794921875 0.00390625 0.005859375
0 0.2197265625 0.4619140625 0.001953125 0.001953125
0 0.470703125 0.455078125 0.00390625 0.0078125
0 0.86328125 0.447265625 0.00390625 0.0078125
0 0.3564453125 0.4345703125 0.033203125 0.033203125
0 0.84375 0.4306640625 0.015625 0.041015625
0 0.2900390625 0.4072265625 0.013671875 0.025390625
0 0.2392578125 0.39453125 0.005859375 0.0078125
0 0.767578125 0.3994140625 0.015625 0.037109375
0 0.236328125 0.3857421875 0.01171875 0.017578125
0 0.2490234375 0.3310546875 0.013671875 0.033203125
0 0.89453125 0.3095703125 0.00390625 0.013671875
0 0.8984375 0.2939453125 0.00390625 0.009765625
0 0.8818359375 0.2841796875 0.001953125 0.001953125
0 0.853515625 0.296875 0.04296875 0.046875
0 0.79296875 0.287109375 0.03125 0.02734375
0 0.8955078125 0.2744140625 0.017578125 0.025390625
0 0.234375 0.2724609375 0.015625 0.064453125
0 0.7216796875 0.2109375 0.001953125 0.00390625
0 0.7060546875 0.1865234375 0.005859375 0.005859375
0 0.658203125 0.16796875 0.05078125 0.0234375
0 0.6015625 0.1455078125 0.00390625 0.005859375
0 0.5654296875 0.1298828125 0.005859375 0.005859375
0 0.5517578125 0.1259765625 0.005859375 0.005859375
0 0.4990234375 0.1044921875 0.001953125 0.005859375
0 0.466796875 0.0927734375 0.0078125 0.009765625
0 0.45703125 0.0888671875 0.00390625 0.005859375
0 0.4453125 0.083984375 0.00390625 0.00390625
0 0.353515625 0.1005859375 0.0390625 0.048828125
0 0.3935546875 0.064453125 0.044921875 0.0234375
0 0.283203125 0.03515625 0.00390625 0.01171875
